0,0,0.25,0.75,Glu
0,0,0.25,0.75,Glu
0,0,0.25,0.75,Glu
0,0,0.25,0.75,Glu
0,0,0.25,0.75,Glu
0,0,0.25,0.75,Glu
0,0,0.25,0.75,Glu
0,0,0.25,0.75,Glu
0,0,0.25,0.75,Glu
0,0,0.25,0.75,Glu
0,0,0.5,0.5,Glu
0.75,0.25,0,0,Phe
0.25,0.5,0,0.25,Leu
0,0.25,0,0.75,Gly
0.25,0.5,0,0.25,Leu
0,0,0,1,Gly
0.25,0.5,0,0.25,Leu
0.5,0,0,0.5,Trp
0,0.5,0.25,0.25,Gin
0.25,0.5,0,0.25,Leu
0.25,0.75,0,0,Pro
0.25,0.5,0,0.25,Arg
0,1,0,0,Pro
0.75,0.25,0,0,Phe
0,0.5,0.5,0,Thr
0.5,0.5,0,0,Ser
0.5,0,0,0.5,Trp
0.5,0.5,0,0,Leu
0.5,0,0.5,0,lle
0.25,0.75,0,0,Leu
0.5,0.5,0,0,Ser
0.25,0.75,0,0,Leu
0.25,0.5,0.25,0,His
0.25,0.25,0.5,0,lle
0.75,0,0.25,0,Leu
0,0.25,0.25,0.5,Ala
0.5,0,0.5,0,lle
0.75,0.25,0,0,Ser
0.5,0.25,0.25,0,Ser
0.5,0,0,0.5,Trp
0,0,0.5,0.5,Glu
0.75,0,0,0.25,Cys
0,1,0,0,Pro
0,0.5,0.5,0,Gin
0.75,0,0.25,0,Leu
0,0,0.5,0.5,Glu
0.5,0,0.5,0,lle
0.75,0.25,0,0,Ser
0.5,0,0.5,0,lle
0.25,0,0.75,0,lle
0,0.75,0.25,0,Pro
0.75,0,0.25,0,Leu
0.75,0,0.25,0,Tyr
0.5,0.25,0.25,0,Tyr
0,0.5,0.5,0,Gin
0.25,0.5,0.25,0,His
0.25,0,0.75,0,lle
0.75,0,0.25,0,Tyr
0.25,0,0.75,0,lle
0.5,0.25,0.25,0,Tyr
0.25,0.5,0,0.25,Leu
0,0.5,0,0.5,Ala
0,0,0,1,Gly
0,0.75,0,0.25,Arg
0.25,0,0,0.75,Gly
0,0.25,0,0.75,Gly
0.5,0.25,0.25,0,Ser
0.5,0.25,0,0.25,Cys
0.25,0.5,0,0.25,Leu
0.5,0,0.5,0,Stop
0.5,0.5,0,0,Ser
0,0.5,0.25,0.25,Gin
0.25,0.5,0.25,0,His
1,0,0,0,Phe
0.25,0,0,0.75,Gly
0,0,0.5,0.5,Arg
0,0.75,0.25,0,Pro
0,0,0.5,0.5,Arg
0,0.5,0,0.5,Arg
0.25,0.25,0,0.5,Val
0,0,0.25,0.75,Gly
0.5,0.25,0.25,0,Ser
0.25,0.75,0,0,Pro
0,0,0.25,0.75,Glu
0.25,0.25,0,0.5,Val
0,0,0.5,0.5,Arg
0.25,0,0.5,0.25,Ser
0.5,0.25,0,0.25,Ser
0,0,0.5,0.5,Arg
0,0.5,0,0.5,Ala
0,0.25,0.5,0.25,Ser
0.25,0.5,0,0.25,Leu
0.25,0,0.5,0.25,Met
0,0.5,0.5,0,Thr
0.25,0,0.5,0.25,Met
0.25,0,0,0.75,Val
0,0,1,0,Lys
0,1,0,0,Pro
0.25,0.5,0.25,0,His
0.25,0.75,0,0,Leu
0.5,0.25,0.25,0,Tyr
0.5,0,0.5,0,Stop
0,0,1,0,Lys
0.5,0.25,0.25,0,Tyr
0,0,1,0,Lys
0.5,0,0.5,0,lle
0.25,0,0.75,0,Asn
0,0.5,0,0.5,Arg
0,0.25,0.25,0.5,Ala
0.5,0,0,0.5,Trp
0.5,0,0,0.5,Trp
0,0.75,0.25,0,His
0.25,0,0.5,0.25,Met
0.25,0.75,0,0,Pro
0.25,0,0.25,0.5,Val
0.25,0.25,0.5,0,lle
0,0.75,0.25,0,Pro
0.25,0.25,0,0.5,Ala
0.25,0.25,0.5,0,Thr
0,0.5,0,0.5,Arg
0,0,0.25,0.75,Glu
0.25,0.25,0,0.5,Ala
0,0,0.25,0.75,Glu
0,0.25,0.25,0.5,Ala
0,0,0.25,0.75,Gly
0,0,0.5,0.5,Glu
0.5,0.25,0,0.25,Ser
0.5,0.5,0,0,Leu
0,0,1,0,Lys
0,1,0,0,Pro
0,0,0.5,0.5,Arg
0,0,0.75,0.25,Lys
0.5,0,0,0.5,Trp
0,0,0.5,0.5,Arg
1,0,0,0,Phe
0,0.5,0.25,0.25,Gin
0.5,0,0.25,0.25,Stop
0.25,0.25,0,0.5,Ala
0,0,0.25,0.75,Glu
0.5,0,0.5,0,lle
0.25,0,0,0.75,Val
0,0.75,0.25,0,Pro
0.75,0,0,0.25,Phe
0,0.75,0.25,0,His
0.5,0.5,0,0,Ser
0,0.25,0.5,0.25,Ser
0.25,0.5,0,0.25,Leu
0.25,0,0,0.75,Gly
0,0.25,0.75,0,Asn
0,0,0.75,0.25,Lys
0,0.25,0.5,0.25,Ser
0,0,1,0,Lys
0.25,0.25,0.5,0,Thr
0,0.75,0.25,0,Pro
0.5,0.25,0.25,0,Ser
0,0,1,0,Lys
0,0,1,0,Lys
0.25,0,0.75,0,lle
0.25,0,0.75,0,lle
0.75,0,0.25,0,Tyr
0.25,0,0.25,0.5,Val
0.75,0,0.25,0,Tyr
0.25,0,0.75,0,lle
0.75,0,0.25,0,Tyr
0.5,0.25,0.25,0,Tyr
0.25,0,0.75,0,Asn
1,0,0,0,Phe
0.25,0,0.75,0,lle
0.75,0,0.25,0,Tyr
0.25,0,0.75,0,lle
0.5,0.25,0.25,0,Tyr
0,0.25,0.75,0,Thr
0.75,0,0.25,0,Leu
0.75,0,0,0.25,Cys
0.25,0,0.75,0,Asn
1,0,0,0,Phe
1,0,0,0,Phe
0.5,0.25,0.25,0,Tyr
0.25,0.5,0.25,0,His
1,0,0,0,Phe
0.25,0,0.75,0,lle
0.75,0,0.25,0,Tyr
0.25,0,0.75,0,lle
0.25,0.5,0.25,0,His
0.5,0.25,0.25,0,Tyr
0.25,0,0.25,0.5,Val
0.25,0,0.5,0.25,Met
0.25,0,0.25,0.5,Val
0.25,0,0.75,0,Asn
0.5,0,0,0.5,Val
0.75,0.25,0,0,Phe
0.75,0.25,0,0,Ser
0,0.5,0,0.5,Ala
0,1,0,0,Pro
0,0.5,0.25,0.25,Gin
0.5,0,0.25,0.25,Stop
0.5,0,0.5,0,lle
0.5,0,0,0.5,Val
0,0.25,0.5,0.25,Ser
0.5,0.5,0,0,Ser
0,0,0.75,0.25,Arg
0,0,0.75,0.25,Arg
0,0,0.5,0.5,Glu
0,0,0.25,0.75,Gly
0.5,0.25,0.25,0,Ser
0.75,0,0,0.25,Cys
0.5,0.5,0,0,Leu
0.5,0,0,0.5,Trp
1,0,0,0,Phe
0.25,0.25,0.5,0,lle
0.5,0,0.25,0.25,Stop
0.25,0,0.75,0,lle
0.75,0,0,0.25,Cys
0,0.75,0.25,0,Pro
0.5,0.25,0,0.25,Ser
0,0.5,0,0.5,Ala
0.5,0,0,0.5,Trp
0.5,0.25,0.25,0,Tyr
0.25,0,0.5,0.25,Ser
0.25,0.75,0,0,Leu
0.5,0,0,0.5,Trp
0,1,0,0,Pro
0.25,0,0.5,0.25,Met
0.75,0,0.25,0,Leu
0.5,0,0.25,0.25,Stop
0,0.25,0.25,0.5,Ala
0,0.25,0.75,0,Thr
0.25,0.25,0.5,0,Thr
0.25,0.25,0.5,0,Thr
0.75,0,0,0.25,Cys
0,0,0.75,0.25,Arg
0.25,0.25,0.5,0,lle
0.25,0,0,0.75,Gly
0,0,0.5,0.5,Glu
0.5,0.25,0,0.25,Cys
0.25,0,0.5,0.25,Met
0.25,0,0.75,0,Asn
0,0,0.75,0.25,Arg
0,0,0.75,0.25,Arg
0.25,0,0.5,0.25,Met
0.25,0,0.5,0.25,Ser
0,0,0.5,0.5,Glu
0.5,0,0.25,0.25,Stop
0.25,0,0.5,0.25,Met
0.25,0,0.75,0,Asn
0,0,0.75,0.25,Arg
0,0.5,0.25,0.25,Arg
0,0,0.75,0.25,Lys
0,0.25,0.25,0.5,Ala
0,0,0.5,0.5,Glu
0.25,0.25,0.5,0,lle
0,0.5,0.25,0.25,Gin
0.25,0.75,0,0,Pro
0,0.5,0.25,0.25,Gin
0,0.5,0,0.5,Ala
0,0,0,1,Gly
0.25,0.5,0,0.25,Arg
0,0,0,1,Gly
0.5,0,0,0.5,Trp
0.25,0.75,0,0,Leu
0,0.25,0.75,0,Thr
0.25,0.75,0,0,Pro
0.25,0,0.25,0.5,Val
0.25,0.25,0.5,0,lle
0,0.75,0.25,0,Pro
0,0.25,0.25,0.5,Ala
0.5,0.5,0,0,Leu
0.5,0,0,0.5,Trp
0,0,0.25,0.75,Glu
0,0.5,0,0.5,Ala
0,0,0.25,0.75,Glu
0,0.25,0,0.75,Ala
0.25,0,0,0.75,Gly
0,0,0.25,0.75,Gly
0.5,0.25,0.25,0,Ser
0,0.5,0.5,0,Gin
0.25,0,0.25,0.5,Asp
0,0.5,0.5,0,Gin
0,0,0.25,0.75,Glu
0.25,0,0.5,0.25,Met
0,0,0.25,0.75,Glu
0,0.5,0.5,0,Thr
0,0.25,0.75,0,Asn
0.25,0.5,0,0.25,Leu
0.25,0.25,0,0.5,Ala
0,0.25,0.75,0,Asn
0,0.25,0.75,0,Thr
0.25,0,0,0.75,Val
0,0,1,0,Lys
0,1,0,0,Pro
0.25,0.5,0,0.25,Arg
0.25,0.75,0,0,Leu
0.5,0.25,0.25,0,Tyr
0.5,0,0.5,0,Stop
0,0,1,0,Lys
0.5,0.25,0.25,0,Tyr
0,0,1,0,Lys
0,0.25,0.75,0,Thr
0.75,0,0.25,0,Leu
0,0.5,0,0.5,Ala
0,0,0,1,Gly
0.25,0.5,0.25,0,His
0,0.25,0,0.75,Gly
0.25,0,0,0.75,Gly
0,0,0.5,0.5,Arg
0.25,0.75,0,0,Leu
0.25,0.5,0,0.25,Leu
0.5,0,0.25,0.25,Stop
0.5,0.5,0,0,Ser
0,0,0.25,0.75,Glu
0.25,0.5,0.25,0,Leu
0.25,0.5,0.25,0,Leu
0,0,0,1,Gly
0,0.25,0.5,0.25,Ser
0.25,0.5,0,0.25,Leu
0,0,0.5,0.5,Arg
0,0.5,0.25,0.25,Gin
0,0,0.25,0.75,Glu
0.25,0,0.75,0,Asn
0,0.25,0,0.75,Gly
0.25,0,0.5,0.25,Met
0,0.25,0.75,0,Asn
0,0.75,0.25,0,Pro
0,0,0,1,Gly
0,0,0,1,Gly
0,0.5,0,0.5,Arg
0,0.25,0.5,0.25,Thr
0.75,0,0,0.25,Phe
0,0.5,0.25,0.25,Gin
0.5,0,0.25,0.25,Stop
0,0.5,0,0.5,Ala
0,0,0.75,0.25,Lys
0.25,0.25,0.5,0,lle
0,0.25,0,0.75,Ala
0,0.75,0.25,0,Pro
0.25,0.5,0,0.25,Leu
0,0.75,0.25,0,His
0.5,0.5,0,0,Ser
0,0.25,0.5,0.25,Ser
0.25,0.5,0,0.25,Leu
0,0.25,0,0.75,Gly
0,0.25,0.25,0.5,Asp
0,0,0.75,0.25,Arg
0,0.25,0.25,0.5,Ala
0,0,0.75,0.25,Arg
0.25,0.75,0,0,Leu
0.25,0,0,0.75,Gly
0.25,0.75,0,0,Leu
0,0,1,0,Lys
0,0,1,0,Lys
0,0,1,0,Lys
0,0,1,0,Lys
0,0,1,0,Lys
0,0,0.75,0.25,Arg
0.25,0,0.75,0,Asn
0,0.75,0.25,0,Pro
0,0.5,0,0.5,Ala
0.5,0.25,0.25,0,Ser
0,0,0.75,0.25,Lys
0,0.25,0.5,0.25,Ser
0.75,0,0.25,0,Leu
0,0.5,0.25,0.25,Gin
0.75,0.25,0,0,Ser
0.25,0,0,0.75,Gly
0,0,0.75,0.25,Lys
0,0,0.5,0.5,Arg
0.25,0,0.75,0,Asn
0,0,1,0,Lys
0.25,0,0.5,0.25,Met
0.75,0.25,0,0,Ser
0,0.25,0.25,0.5,Ala
0.25,0,0.75,0,Asn
0,0.25,0.5,0.25,Ser
0,0.75,0.25,0,His
0,0,0.5,0.5,Arg
0,0.25,0.75,0,Thr
0.25,0,0,0.75,Gly
0,0.5,0.5,0,Gin
0,0,0.5,0.5,Arg
0,0,0.75,0.25,Lys
0,0,0.25,0.75,Glu
0,0,0.5,0.5,Arg
0.25,0.5,0.25,0,Leu
1,0,0,0,Phe
0,0.75,0.25,0,Pro
0.25,0.25,0,0.5,Ala
0,0,0.25,0.75,Glu
0,0.25,0,0.75,Gly
0,0.5,0.5,0,Thr
0,0.75,0.25,0,Pro
0.5,0.25,0.25,0,Ser
0,0,0.25,0.75,Gly
0,0,0.75,0.25,Lys
0,0.75,0.25,0,His
0,1,0,0,Pro
0,0,0.75,0.25,Arg
0.5,0.5,0,0,Leu
0.25,0.75,0,0,Pro
0,0.25,0.75,0,Thr
0.5,0,0.5,0,lle
0.25,0.25,0.5,0,Thr
0,0,0.75,0.25,Arg
0,0.75,0.25,0,His
0.25,0.25,0.5,0,lle
0.5,0.25,0,0.25,Ser
0.25,0,0.5,0.25,Met
0.5,0.5,0,0,Leu
0.75,0.25,0,0,Phe
0.25,0.25,0.5,0,Thr
0.75,0.25,0,0,Ser
0.25,0.5,0.25,0,Leu
0.5,0.25,0.25,0,Ser
0.25,0,0.5,0.25,Met
0.25,0,0.25,0.5,Asp
0.25,0.5,0,0.25,Arg
0.25,0.75,0,0,Leu
0.25,0.75,0,0,Pro
0,0,0.25,0.75,Gly
0,0,0.5,0.5,Glu
0.5,0,0.5,0,Stop
0.5,0.5,0,0,Ser
0,0.75,0.25,0,Pro
0.25,0,0.5,0.25,Met
0.5,0,0.25,0.25,Stop
0.25,0,0.75,0,Asn
0.5,0.25,0.25,0,Tyr
0.75,0,0.25,0,Leu
0,0.25,0.25,0.5,Ala
0.25,0.5,0,0.25,Arg
0,0.5,0.5,0,Gin
0.5,0,0,0.5,Val
0,0,0.5,0.5,Arg
0.5,0,0.25,0.25,Stop
0.25,0.25,0.5,0,lle
0.5,0.5,0,0,Leu
0.25,0,0,0.75,Val
0.5,0.25,0.25,0,Tyr
0.75,0.25,0,0,Phe
0.75,0,0,0.25,Phe
0.5,0,0,0.5,Val
0.5,0,0,0.5,Val
0,0.5,0.25,0.25,Gin
0,0,0.75,0.25,Arg
0.5,0.25,0.25,0,Ser
0.5,0.25,0.25,0,Ser
0,0.75,0.25,0,Pro
0.25,0,0,0.75,Val
0,0.5,0.5,0,Gin
0.25,0.5,0.25,0,His
0,1,0,0,Pro
0,0.75,0.25,0,Pro
0.5,0.25,0.25,0,Ser
0.5,0.25,0.25,0,Tyr
0,0.25,0.75,0,Thr
0,0.25,0.25,0.5,Ala
0.25,0,0,0.75,Val
0.75,0.25,0,0,Ser
0.5,0.25,0,0.25,Cys
0,1,0,0,Pro
0.75,0.25,0,0,Ser
0.25,0.75,0,0,Pro
0,1,0,0,Pro
0,0.5,0.5,0,Gin
0,0.5,0,0.5,Ala
0.75,0.25,0,0,Phe
0,0.5,0.25,0.25,Arg
0,0.25,0,0.75,Gly
0.25,0.75,0,0,Pro
0.5,0.5,0,0,Ser
0.5,0.5,0,0,Ser
0.25,0,0,0.75,Val
0.25,0.75,0,0,Pro
0,0,0.5,0.5,Glu
0,1,0,0,Pro
0.25,0.75,0,0,Pro
0,0,0.25,0.75,Gly
0.25,0.5,0.25,0,His
0.25,0.25,0.5,0,lle
0.25,0,0.5,0.25,Met
0.5,0,0,0.5,Trp
0,0.5,0.5,0,Gin
0.25,0.25,0.5,0,Thr
0,0,0.5,0.5,Glu
0,0,0,1,Gly
0.5,0.5,0,0,Ser
0,0.25,0.75,0,Asn
0,0,0.25,0.75,Glu
0.25,0,0.75,0,lle
0,0.5,0.25,0.25,Gin
0,0,0.5,0.5,Glu
0.25,0,0,0.75,Val
0,0,1,0,Lys
0,0.75,0.25,0,His
0.25,0,0.25,0.5,Asp
0.25,0,0.25,0.5,Val
0,0.75,0.25,0,His
0.5,0,0.25,0.25,Stop
0,0.25,0.75,0,Asn
0.25,0,0,0.75,Val
0,0.5,0.5,0,Gin
0.5,0.25,0.25,0,Tyr
0,0,1,0,Lys
0.75,0,0.25,0,Tyr
0,0.25,0.25,0.5,Ala
0,0.25,0.25,0.5,Ala
0.5,0,0.25,0.25,Stop
0.25,0,0.5,0.25,Ser
0,0.5,0,0.5,Ala
0.5,0.25,0,0.25,Ser
0.5,0,0,0.5,Val
0,0.75,0.25,0,His
0.5,0,0.5,0,Stop
0,1,0,0,Pro
0,0,0.25,0.75,Glu
0.25,0.5,0.25,0,Leu
0.5,0.25,0,0.25,Cys
0.5,0,0,0.5,Trp
0.25,0,0,0.75,Val
0.5,0.5,0,0,Leu
0.5,0.5,0,0,Leu
0.75,0.25,0,0,Phe
0.5,0.25,0.25,0,Tyr
0,0.75,0.25,0,His
1,0,0,0,Phe
0.25,0.75,0,0,Pro
0.5,0,0.5,0,Stop
0.5,0.25,0,0.25,Cys
0.25,0.5,0.25,0,Leu
0.5,0,0,0.5,Trp
0,0.25,0.75,0,Thr
0.25,0.75,0,0,Pro
0.25,0.5,0.25,0,His
0.75,0.25,0,0,Ser
0.25,0,0,0.75,Val
0.25,0.25,0,0.5,Ala
0,0,0.5,0.5,Glu
0.5,0,0,0.5,Val
0.25,0.75,0,0,Pro
0.75,0,0,0.25,Cys
0.5,0,0,0.5,Val
0,0.5,0.5,0,Gin
0.75,0.25,0,0,Phe
0,1,0,0,Pro
0,0.75,0.25,0,Pro
0.75,0.25,0,0,Ser
0.5,0.25,0.25,0,Ser
0.75,0,0,0.25,Phe
0,0.25,0.75,0,Asn
0.25,0.25,0.5,0,lle
0.25,0.75,0,0,Leu
0.75,0,0,0.25,Cys
0,0.25,0.25,0.5,Ala
0,0,0,1,Gly
0.25,0.25,0.5,0,Thr
0.5,0,0.25,0.25,Stop
0,1,0,0,Pro
0.25,0.5,0,0.25,Leu
0.5,0.5,0,0,Ser
0.5,0.25,0,0.25,Cys
0.5,0,0.25,0.25,Stop
0.5,0.5,0,0,Leu
0.5,0.25,0,0.25,Cys
0.25,0.25,0.5,0,Thr
0,0,0.25,0.75,Glu
0,0.25,0.25,0.5,Ala
0.25,0,0.5,0.25,Ser
1,0,0,0,Phe
0.25,0.25,0,0.5,Val
0.25,0.5,0.25,0,His
0,0.5,0,0.5,Ala
0.5,0,0.25,0.25,Stop
0.5,0,0.25,0.25,Stop
0.5,0.25,0,0.25,Cys
0,0.75,0.25,0,His
0.25,0.25,0.5,0,lle
1,0,0,0,Phe
0.25,0.25,0.5,0,Thr
0,0,0.75,0.25,Arg
0.5,0,0.25,0.25,Stop
0.25,0,0,0.75,Gly
0.75,0.25,0,0,Phe
0.5,0,0.5,0,Stop
0,0,0.75,0.25,Arg
0.25,0.25,0,0.5,Ala
0.5,0,0,0.5,Trp
0.25,0.5,0.25,0,His
0,0,0.25,0.75,Gly
0,0,0.5,0.5,Arg
0,0,1,0,Lys
0,0.5,0,0.5,Ala
0.5,0,0,0.5,Trp
0,0,0,1,Gly
0,0.5,0,0.5,Ala
0.75,0,0.25,0,Leu
0,0,0.5,0.5,Glu
0,0.5,0,0.5,Ala
0.25,0.25,0.5,0,lle
0.25,0.25,0.5,0,Thr
0.5,0,0.25,0.25,Stop
0,0,0.5,0.5,Glu
0.25,0.5,0,0.25,Leu
0,0,0.25,0.75,Gly
0,0,0.25,0.75,Glu
0.25,0.75,0,0,Leu
0,0.5,0.25,0.25,Gin
0,0.25,0.25,0.5,Ala
0,0.25,0.5,0.25,Ser
0,0.75,0.25,0,His
0.5,0.5,0,0,Leu
0.25,0.25,0.5,0,lle
0.75,0.25,0,0,Ser
0.75,0,0,0.25,Phe
0,0.25,0,0.75,Gly
0.25,0.75,0,0,Leu
0.25,0,0.5,0.25,Ser
0.25,0.25,0.5,0,lle
0.25,0.75,0,0,Leu
0.25,0.25,0.5,0,Thr
0,0.75,0.25,0,His
0.25,0.25,0.5,0,lle
0,1,0,0,Pro
0.25,0,0.5,0.25,Met
0.25,0.25,0,0.5,Val
0.25,0,0.5,0.25,Ser
0,0,0.75,0.25,Arg
0.25,0,0,0.75,Val
0,0.75,0.25,0,Pro
0,0.25,0.5,0.25,Ser
0,0.25,0.75,0,Thr
0.5,0,0,0.5,Trp
0.5,0,0,0.5,Trp
0,0.25,0.75,0,Thr
0,0.75,0,0.25,Arg
0,0,0.75,0.25,Arg
0.25,0,0.5,0.25,Ser
0.5,0,0.5,0,lle
0.25,0,0.25,0.5,Asp
0.25,0.5,0.25,0,His
0.5,0.5,0,0,Leu
0.25,0.75,0,0,Pro
0,0.75,0.25,0,His
0.25,0.75,0,0,Leu
0,1,0,0,Pro
0.5,0,0.25,0.25,Stop
0,0,0.25,0.75,Glu
0,0.25,0.5,0.25,Ser
0.25,0.75,0,0,Pro
0.5,0,0,0.5,Trp
0.25,0,0.75,0,Asn
0,1,0,0,Pro
0.25,0.5,0.25,0,His
0.25,0,0.75,0,lle
0.25,0,0.75,0,lle
0.75,0.25,0,0,Phe
0.75,0.25,0,0,Ser
0,0,0.5,0.5,Glu
0,0.25,0.25,0.5,Asp
0.25,0.75,0,0,Leu
0.25,0,0.75,0,Asn
0,0.75,0.25,0,Pro
0.25,0,0.5,0.25,Met
0,0.25,0.5,0.25,Ser
0,0.5,0.25,0.25,Arg
0.25,0,0.25,0.5,Val
0.5,0,0.5,0,lle
0,0.25,0.25,0.5,Asp
0.5,0.25,0,0.25,Ser
0.25,0,0.25,0.5,Val
0,0.25,0.25,0.5,Ala
0,0.25,0.75,0,Asn
0.5,0.25,0.25,0,Ser
0.5,0,0,0.5,Trp
0,0,1,0,Lys
0,0,0.25,0.75,Gly
0.25,0.5,0.25,0,His
0.5,0,0.25,0.25,Stop
0,0,0.75,0.25,Lys
0,0.75,0.25,0,Pro
0,0,1,0,Lys
0,0,0.25,0.75,Gly
0.25,0,0,0.75,Gly
0,0,0.75,0.25,Arg
0.25,0,0.25,0.5,Val
0.75,0,0,0.25,Cys
0,1,0,0,Pro
0.25,0,0.5,0.25,Ser
0,0.25,0.75,0,Thr
0.25,0,0.75,0,lle
0,0.5,0.5,0,Thr
0,0.25,0.5,0.25,Ser
0.25,0.75,0,0,Leu
0.5,0,0.25,0.25,Stop
0.75,0.25,0,0,Ser
0,0.5,0.5,0,Gin
0,0,0.25,0.75,Gly
0,0,0.75,0.25,Arg
0,0,0.75,0.25,Lys
0,0.25,0.75,0,Asn
0,0,0.75,0.25,Arg
0.25,0.25,0,0.5,Ala
0,0.25,0.25,0.5,Ala
0.25,0,0,0.75,Gly
0,0,0.25,0.75,Glu
0,0,0.75,0.25,Lys
0.75,0,0,0.25,Cys
0,0.25,0,0.75,Ala
0.25,0.75,0,0,Pro
0,0.5,0.5,0,Gin
0.25,0.25,0.5,0,lle
0,0.5,0.5,0,Thr
0,0,1,0,Lys
0.25,0,0,0.75,Val
0,0,0.75,0.25,Arg
0.25,0,0,0.75,Val
0,0,0.5,0.5,Glu
0,0,0.25,0.75,Gly
0,0.25,0.25,0.5,Ala
0,1,0,0,Pro
0,0.5,0.5,0,Thr
0.25,0,0.5,0.25,Ser
0,1,0,0,Pro
0.75,0,0,0.25,Phe
0,0,0.25,0.75,Glu
0,0.25,0,0.75,Ala
0.25,0.25,0.5,0,lle
0.25,0.75,0,0,Pro
0,0,0.75,0.25,Lys
0,0.5,0.5,0,Thr
0.25,0,0,0.75,Gly
0,0,0.25,0.75,Glu
0.25,0,0.75,0,Asn
0,0.25,0,0.75,Gly
0.75,0.25,0,0,Phe
0,0,0.5,0.5,Glu
0,0,1,0,Lys
0.75,0,0,0.25,Cys
0.25,0,0.25,0.5,Asp
0.25,0.5,0,0.25,Arg
0.25,0.75,0,0,Pro
0,0.5,0.5,0,Gin
0,1,0,0,Pro
0,0.75,0.25,0,His
0.25,0,0.5,0.25,Ser
0.5,0.5,0,0,Leu
0,0,0.5,0.5,Glu
0.25,0.75,0,0,Pro
0,0.25,0.75,0,Asn
0,0,0.5,0.5,Arg
0,0,0.75,0.25,Arg
0.75,0.25,0,0,Ser
0.5,0,0.25,0.25,Stop
0,0.25,0.5,0.25,Ser
0.25,0.5,0,0.25,Leu
0,0,1,0,Lys
0,0.25,0.25,0.5,Asp
0,0.5,0.5,0,Thr
0.25,0.25,0.5,0,Thr
0.75,0,0.25,0,Leu
0,0,0.25,0.75,Gly
0.5,0.25,0.25,0,Ser
0,0.25,0.75,0,Thr
0,0.25,0.25,0.5,Ala
0.25,0,0.25,0.5,Asp
0.25,0.5,0,0.25,Leu
0.5,0,0.25,0.25,Stop
0.5,0.5,0,0,Leu
0.5,0.5,0,0,Ser
0,0.25,0.75,0,Thr
0,0.25,0.25,0.5,Ala
0,0.25,0,0.75,Gly
0,0.25,0.75,0,Thr
0,0.5,0.25,0.25,Gin
0,0.25,0.75,0,Asn
0.25,0.75,0,0,Pro
0,0,0.75,0.25,Arg
0.5,0,0,0.5,Val
0.25,0,0.5,0.25,Ser
0,0.5,0.25,0.25,Arg
0.25,0,0,0.75,Gly
0.5,0,0,0.5,Trp
0,0.25,0.75,0,Thr
0.5,0,0.25,0.25,Stop
0,0,0.5,0.5,Glu
0,0,0,1,Gly
0.5,0.5,0,0,Leu
0,0.75,0.25,0,Pro
0,0.25,0.75,0,Asn
0,0.25,0.75,0,Thr
0,0.5,0.25,0.25,Gin
0,0,0.75,0.25,Arg
0.25,0,0.75,0,Asn
0.5,0.25,0.25,0,Ser
0.5,0,0,0.5,Trp
0.25,0.25,0.5,0,lle
0.25,0.5,0.25,0,Leu
0.25,0,0.75,0,Asn
0.75,0,0.25,0,Tyr
0,0,1,0,Lys
0,0,0,1,Gly
0,0,0.5,0.5,Arg
0.75,0.25,0,0,Phe
1,0,0,0,Phe
0,0,1,0,Lys
0,0,0.75,0.25,Arg
0,0.5,0.5,0,Thr
0,0,0.75,0.25,Lys
0.25,0,0.5,0.25,Met
0.5,0,0.5,0,lle
0.25,0.5,0,0.25,Leu
0,0,0.75,0.25,Arg
1,0,0,0,Phe
0.25,0.25,0.5,0,lle
0.25,0.5,0,0.25,Leu
0,0.25,0.5,0.25,Ser
1,0,0,0,Phe
1,0,0,0,Phe
1,0,0,0,Phe
1,0,0,0,Phe
1,0,0,0,Phe
1,0,0,0,Phe
1,0,0,0,Phe
0,0,0.25,0.75,Gly
0.5,0.25,0,0.25,Cys
0,0,0.75,0.25,Arg
0.25,0.25,0,0.5,Val
0.5,0.25,0,0.25,Ser
0.25,0.75,0,0,Leu
0.75,0,0,0.25,Cys
0,0.75,0,0.25,Arg
0,0.75,0.25,0,Pro
0,0.25,0,0.75,Gly
0.5,0,0,0.5,Trp
0.25,0,0.5,0.25,Ser
0,0.25,0.25,0.5,Ala
0.25,0,0,0.75,Val
0,0.25,0,0.75,Ala
0.5,0,0.25,0.25,Stop
0.75,0.25,0,0,Ser
0,0.5,0,0.5,Arg
0.25,0.5,0.25,0,Leu
0.25,0.25,0.5,0,Thr
0,0.25,0.25,0.5,Ala
0,0.5,0.5,0,Thr
0.5,0.5,0,0,Ser
0,0.5,0.5,0,Thr
0.5,0.25,0,0.25,Ser
0,0.5,0,0.5,Arg
0.5,0,0,0.5,Val
0,0.5,0.5,0,Gin
0,0.25,0.25,0.5,Ala
0.5,0,0.5,0,lle
0,1,0,0,Pro
0.5,0.25,0,0.25,Cys
0.25,0.75,0,0,Leu
0,0.25,0,0.75,Gly
0.25,0.75,0,0,Leu
0.25,0.5,0,0.25,Leu
0.25,0,0.75,0,Asn
0,0.25,0.5,0.25,Ser
0.5,0,0,0.5,Trp
0.25,0,0.25,0.5,Asp
0.5,0.25,0.25,0,Tyr
0,0,0.5,0.5,Arg
0,0.75,0,0.25,Arg
0.25,0.5,0,0.25,Leu
0,0.75,0.25,0,Pro
0,0.75,0.25,0,Pro
0,0.75,0.25,0,His
0.25,0.5,0,0.25,Leu
0.25,0.25,0,0.5,Ala
0.25,0,0.75,0,Asn
1,0,0,0,Phe
0.75,0,0,0.25,Cys
0.5,0,0.5,0,lle
1,0,0,0,Phe
0,0.25,0.5,0.25,Ser
0,0,0.75,0.25,Arg
0,0.25,0.25,0.5,Asp
0,0,0,1,Gly
0.5,0,0.5,0,lle
0.5,0.25,0.25,0,Ser
0,0.75,0.25,0,Pro
0.75,0.25,0,0,Ser
0.5,0,0,0.5,Trp
0,0.75,0.25,0,Pro
0,0.25,0,0.75,Gly
0.5,0,0,0.5,Trp
0.75,0.25,0,0,Ser
0.5,0,0.25,0.25,Stop
0.25,0.25,0.5,0,Thr
0.25,0.75,0,0,Pro
0.25,0,0.25,0.5,Asp
0.25,0.75,0,0,Leu
0.25,0,0.5,0.25,Met
0.25,0.25,0.5,0,lle
0,0.75,0.25,0,His
0,0.75,0.25,0,Pro
0.25,0.75,0,0,Pro
0.5,0,0,0.5,Trp
0.25,0.75,0,0,Pro
0,1,0,0,Pro
0.5,0,0.5,0,Stop
0.25,0,0,0.75,Val
0.25,0,0,0.75,Val
0,0,0.25,0.75,Gly
0.75,0,0.25,0,Leu
0,0.5,0.25,0.25,Gin
0,0.25,0,0.75,Ala
0.75,0,0,0.25,Cys
0,0.5,0,0.5,Ala
0,0.5,0.5,0,Gin
0.5,0.5,0,0,Leu
0.75,0.25,0,0,Phe
0.25,0.5,0,0.25,Leu
0,0.25,0.5,0.25,Ser
0.5,0.5,0,0,Leu
0.75,0,0,0.25,Phe
0,0,0.5,0.5,Arg
0.25,0.5,0,0.25,Leu
0,0.25,0.75,0,Thr
0,0.75,0.25,0,Pro
0,0,0.25,0.75,Glu
0.25,0,0.25,0.5,Val
0,0,0.5,0.5,Glu
0,0.5,0,0.5,Ala
0,0.5,0.25,0.25,Gin
0.25,0.75,0,0,Pro
0.25,0.75,0,0,Leu
0,1,0,0,Pro
0.25,0.25,0.5,0,Thr
0,0.25,0,0.75,Gly
0.25,0.5,0.25,0,His
0.25,0,0,0.75,Val
0,0,0,1,Gly
0,0,0.75,0.25,Arg
0,0.25,0,0.75,Gly
0.5,0.5,0,0,Ser
0,0.25,0.5,0.25,Ser
0.25,0.5,0,0.25,Leu
0,0.5,0.25,0.25,Gin
0,0.5,0.5,0,Gin
0,0.75,0.25,0,Pro
0,0,0,1,Gly
0.25,0.25,0.5,0,lle
0.5,0,0,0.5,Trp
0.25,0.75,0,0,Pro
0,0.5,0.5,0,Gin
0.25,0,0,0.75,Val
0.25,0,0.5,0.25,Met
0,1,0,0,Pro
0,0.5,0.5,0,Gin
0,0.5,0.25,0.25,Gin
0.5,0,0,0.5,Trp
0,0.25,0,0.75,Ala
0.25,0.25,0.5,0,Thr
0.5,0.5,0,0,Ser
0,0.5,0.25,0.25,Gin
0.5,0.25,0.25,0,Tyr
0.75,0,0,0.25,Cys
0.5,0,0.25,0.25,Stop
0,0,0.25,0.75,Glu
0.25,0,0.75,0,Asn
0,1,0,0,Pro
0,0,0.75,0.25,Lys
0.75,0.25,0,0,Ser
0.25,0,0.75,0,Asn
0.5,0.25,0.25,0,Ser
0,0,0.75,0.25,Lys
0.75,0,0,0.25,Phe
0.5,0,0.5,0,lle
1,0,0,0,Phe
0.5,0.25,0.25,0,Tyr
0.5,0,0.25,0.25,Stop
0,0.5,0.5,0,Gin
0.75,0,0.25,0,Leu
0.25,0,0.5,0.25,Met
0.25,0,0.75,0,lle
0,0.25,0.25,0.5,Asp
0.25,0,0.5,0.25,Met
0.25,0.25,0,0.5,Val
0.5,0.5,0,0,Ser
0.5,0,0.5,0,lle
0.25,0.25,0,0.5,Ala
0,0.5,0.5,0,Gin
0,0.25,0,0.75,Gly
0.75,0.25,0,0,Ser
0,0,0,1,Gly
0,0,0.75,0.25,Lys
0.25,0.25,0.5,0,lle
0.5,0,0.25,0.25,Stop
0.25,0.25,0.5,0,Thr
0,0,0.75,0.25,Arg
0,0,0.5,0.5,Glu
0,0.25,0.75,0,Asn
0.25,0,0.25,0.5,Asp
0,0.75,0.25,0,His
0,0.5,0.25,0.25,Arg
0.5,0.5,0,0,Leu
0.25,0.5,0.25,0,Leu
0,0.75,0.25,0,Pro
0,0.75,0.25,0,His
0.25,0.5,0,0.25,Leu
0.5,0,0,0.5,Trp
0,0.5,0,0.5,Ala
0.5,0.25,0.25,0,Ser
0.5,0,0,0.5,Val
0.5,0.5,0,0,Leu
0,1,0,0,Pro
0.75,0.25,0,0,Ser
0.25,0,0,0.75,Gly
0,0.75,0.25,0,Pro
0.5,0,0,0.5,Trp
0.75,0,0.25,0,Leu
0,0.75,0.25,0,Pro
0,0.5,0.25,0.25,Gin
0.5,0,0.5,0,Stop
0,1,0,0,Pro
0.5,0.5,0,0,Leu
0.25,0,0.25,0.5,Val
0,0,0.75,0.25,Lys
0.25,0,0,0.75,Val
1,0,0,0,Phe
0,1,0,0,Pro
0,0.5,0.25,0.25,Gin
0,0,0,1,Gly
0.5,0.5,0,0,Ser
0.25,0.5,0.25,0,Leu
0,0,0.25,0.75,Glu
0.5,0.5,0,0,Ser
0.75,0.25,0,0,Ser
0,0,0.25,0.75,Glu
0.5,0.25,0.25,0,Ser
0,0.75,0.25,0,Pro
0.5,0,0.5,0,Stop
0.75,0.25,0,0,Phe
0.5,0,0,0.5,Trp
0.25,0.25,0,0.5,Val
0,0.25,0.75,0,Asn
0,0,0.75,0.25,Arg
0.25,0,0.75,0,Asn
0,0,0.25,0.75,Gly
0,0,0.25,0.75,Glu
0.25,0,0.25,0.5,Val
0,0,0.75,0.25,Arg
0,0,0.25,0.75,Gly
0,0.25,0.25,0.5,Asp
0.25,0.25,0.5,0,Thr
0,1,0,0,Pro
0.25,0.5,0,0.25,Leu
0,1,0,0,Pro
0.5,0,0,0.5,Trp
0.25,0.5,0,0.25,Leu
0.25,0.25,0,0.5,Val
0,0.75,0.25,0,Pro
0.25,0.5,0,0.25,Arg
0.5,0,0,0.5,Val
0.25,0.5,0.25,0,His
0,0.25,0,0.75,Gly
0.25,0,0.5,0.25,Ser
0,0.25,0.75,0,Asn
0.25,0.5,0,0.25,Leu
0.75,0.25,0,0,Ser
0,0,0,1,Gly
0,0,0.25,0.75,Glu
0.25,0.75,0,0,Pro
0,0.75,0,0.25,Arg
0,0.75,0.25,0,His
0,1,0,0,Pro
0.75,0,0,0.25,Cys
0.25,0.25,0,0.5,Val
0,0.75,0.25,0,His
0.25,0.5,0,0.25,Leu
0,0.5,0.25,0.25,Gin
0.25,0,0.5,0.25,Ser
0.75,0,0.25,0,Tyr
0,0.25,0.25,0.5,Ala
0.25,0,0,0.75,Val
0.25,0.25,0,0.5,Val
0,1,0,0,Pro
0,0.25,0.75,0,Asn
0.5,0,0.25,0.25,Stop
0,0.25,0,0.75,Gly
0,1,0,0,Pro
0.5,0.25,0,0.25,Cys
0,0.75,0.25,0,His
0.25,0.75,0,0,Pro
0.25,0.5,0.25,0,His
0.5,0.5,0,0,Ser
0.5,0,0.5,0,Stop
0,0,0,1,Gly
0,0,0.5,0.5,Arg
0.25,0.5,0,0.25,Leu
0,0,0.25,0.75,Glu
0.25,0.25,0.5,0,Thr
0.75,0.25,0,0,Ser
0.5,0.5,0,0,Ser
0.25,0,0.5,0.25,Met
0,0.5,0,0.5,Ala
0,0,0.5,0.5,Glu
0.25,0,0.75,0,Asn
0,0.75,0.25,0,Pro
0.25,0.5,0.25,0,His
0.25,0.5,0.25,0,Leu
0.25,0,0.5,0.25,Ser
0,1,0,0,Pro
0,0.5,0,0.5,Arg
0,0.75,0.25,0,His
0.5,0,0.25,0.25,Stop
0,0.5,0.5,0,Gin
0,0,1,0,Lys
0,0.25,0,0.75,Gly
0.25,0.75,0,0,Pro
0.25,0.25,0,0.5,Val
0.25,0,0.5,0.25,Met
0,0,0,1,Gly
0.25,0.25,0,0.5,Ala
0,1,0,0,Pro
0.5,0.25,0,0.25,Cys
0,1,0,0,Pro
0.25,0,0.5,0.25,Ser
0.5,0,0.25,0.25,Stop
0.25,0,0.25,0.5,Asp
0.5,0,0,0.5,Trp
0,0,0.5,0.5,Arg
0,0.25,0.75,0,Asn
0.25,0,0.5,0.25,Met
0,0,0.5,0.5,Glu
0,0,0.5,0.5,Glu
0.25,0.25,0,0.5,Ala
0,0,1,0,Lys
0.25,0,0.75,0,lle
0.25,0.25,0.5,0,Thr
0,0,1,0,Lys
0.5,0,0.5,0,Stop
0.25,0.75,0,0,Leu
0.25,0,0.5,0.25,Ser
0,0.25,0.5,0.25,Ser
0.25,0.25,0.5,0,lle
0,0.25,0.75,0,Thr
0.25,0.5,0.25,0,Leu
0.25,0.75,0,0,Pro
0.25,0.25,0,0.5,Ala
0.25,0.5,0,0.25,Leu
0,0,0.25,0.75,Glu
0,0,1,0,Lys
0,0,1,0,Lys
0,0,1,0,Lys
1,0,0,0,Phe
0.25,0,0.75,0,Asn
0.5,0,0.5,0,lle
0.5,0,0.5,0,lle
0.5,0,0.5,0,lle
1,0,0,0,Phe
0.75,0,0,0.25,Cys
1,0,0,0,Phe
0.75,0,0,0.25,Phe
0,0,0.75,0.25,Arg
0.5,0,0,0.5,Trp
0.25,0,0.5,0.25,Ser
0.75,0.25,0,0,Ser
0.25,0.25,0,0.5,Ala
0.25,0.5,0,0.25,Leu
0.25,0.5,0,0.25,Leu
0,0.75,0.25,0,His
0,0,0.5,0.5,Arg
0.25,0.5,0,0.25,Leu
0,0,0.25,0.75,Glu
0.5,0.25,0,0.25,Cys
0.25,0,0.5,0.25,Ser
0,0.25,0,0.75,Gly
0,0.25,0.25,0.5,Ala
0.25,0.25,0.5,0,lle
0.75,0,0,0.25,Phe
0.25,0.25,0,0.5,Ala
0,0.75,0.25,0,His
0,0.25,0,0.75,Gly
0,0.25,0.75,0,Asn
0.25,0.75,0,0,Leu
0.5,0.25,0,0.25,Cys
0.25,0.75,0,0,Leu
0.25,0.5,0,0.25,Leu
0,0,0.5,0.5,Arg
0.5,0,0,0.5,Val
0,0.5,0.5,0,Gin
0.25,0,0,0.75,Val
0.5,0,0.5,0,lle
0.25,0.75,0,0,Leu
0,0.75,0,0.25,Pro
0.25,0.75,0,0,Pro
0,0.5,0.25,0.25,Gin
0.25,0.75,0,0,Pro
0,1,0,0,Pro
0,0,0.25,0.75,Glu
0.5,0,0.25,0.25,Stop
0.75,0,0,0.25,Phe
0,0,0.25,0.75,Gly
0.75,0,0.25,0,Leu
0,0.5,0.25,0.25,Gin
0.25,0.75,0,0,Leu
0.25,0,0.5,0.25,Met
0,0.75,0.25,0,Pro
0,0.75,0.25,0,Pro
0,0.75,0,0.25,Arg
0,0.75,0.25,0,Pro
0.25,0.25,0,0.5,Ala
0.25,0,0.75,0,Asn
1,0,0,0,Phe
0.75,0,0,0.25,Cys
0.25,0.25,0.5,0,Thr
1,0,0,0,Phe
0.25,0,0.5,0.25,Ser
0,0,0.75,0.25,Arg
0.25,0,0.25,0.5,Asp
0,0,0.25,0.75,Gly
0.5,0,0,0.5,Val
0.75,0,0,0.25,Phe
0,0.75,0.25,0,Pro
0.75,0,0,0.25,Cys
0.5,0,0,0.5,Trp
0.25,0.5,0.25,0,Leu
0.25,0.25,0,0.5,Val
0.5,0,0,0.5,Trp
0.25,0.75,0,0,Pro
0.5,0,0.25,0.25,Stop
0.25,0.25,0.5,0,Thr
0.25,0.75,0,0,Pro
0,0.25,0.25,0.5,Asp
0.25,0.75,0,0,Leu
0,0,0.75,0.25,Lys
0.5,0,0.25,0.25,Stop
0.5,0.5,0,0,Ser
0,0.5,0.5,0,Thr
0,0.75,0.25,0,His
0.25,0.75,0,0,Leu
0,0,1,0,Lys
0,0.5,0,0.5,Ala
0,0.5,0.5,0,Thr
0,0.5,0.5,0,Gin
0.25,0,0.5,0.25,Ser
0.75,0,0,0.25,Phe
0,0,0,1,Gly
0.5,0,0.5,0,lle
0,0.25,0.75,0,Thr
0,0.25,0.5,0.25,Ser
0.25,0,0,0.75,Val
0,0.25,0.5,0.25,Ser
0,0.75,0.25,0,His
0.75,0,0,0.25,Cys
0.25,0.25,0,0.5,Val
0,0.5,0,0.5,Arg
0.25,0.75,0,0,Pro
0,0,0.25,0.75,Gly
0,0,0.5,0.5,Glu
0,0,0.5,0.5,Arg
0.25,0.25,0.5,0,Thr
0.75,0,0.25,0,Leu
0.25,0,0.75,0,Asn
0,0.25,0.25,0.5,Asp
0,0.25,0.25,0.5,Ala
0.25,0,0.5,0.25,Met
0.5,0,0.25,0.25,Stop
0,0,0.5,0.5,Glu
0,0,0.25,0.75,Glu
0,0.5,0.5,0,Gin
0.25,0,0,0.75,Gly
0.75,0,0,0.25,Cys
0,0,0.25,0.75,Gly
0.25,0,0.25,0.5,Asp
0.25,0.5,0,0.25,Leu
0.25,0.5,0,0.25,Leu
0,1,0,0,Pro
0.5,0,0,0.5,Trp
0.25,0.5,0,0.25,Leu
0,0,0.5,0.5,Arg
0.5,0,0.25,0.25,Stop
0.25,0.75,0,0,Leu
0.25,0,0.5,0.25,Met
0,0.5,0.5,0,Gin
0.5,0.25,0.25,0,Ser
0.25,0.25,0,0.5,Val
0.75,0.25,0,0,Ser
0.25,0.5,0,0.25,Leu
0,0.25,0.5,0.25,Ser
0,0.75,0.25,0,His
0.25,0,0.5,0.25,Ser
0.25,0.75,0,0,Leu
0.75,0,0,0.25,Phe
0.25,0.25,0.5,0,lle
0.75,0,0,0.25,Cys
0,0,0.5,0.5,Glu
0.25,0.25,0.5,0,lle
0,0,0.25,0.75,Gly
0,0,0.75,0.25,Arg
0,0,1,0,Lys
0.5,0,0.5,0,Stop
0.5,0.25,0.25,0,Tyr
0.25,0.75,0,0,Leu
0.5,0.5,0,0,Leu
0,0.75,0.25,0,His
0,0,0.75,0.25,Lys
0,0.25,0.75,0,Thr
0.25,0,0.5,0.25,Ser
0,0.25,0,0.75,Gly
0,0,0.5,0.5,Arg
0.5,0.25,0.25,0,Ser
0.25,0,0.25,0.5,Asp
0.25,0,0,0.75,Val
0,0,0.75,0.25,Arg
0.25,0,0.5,0.25,Met
0,0.75,0.25,0,His
0,0,0.5,0.5,Arg
0,0.5,0.25,0.25,Gin
0,0.5,0,0.5,Ala
0.25,0.75,0,0,Leu
0,0.25,0,0.75,Gly
0,0.25,0.75,0,Asn
0.5,0,0,0.5,Trp
0,0,1,0,Lys
0,0.25,0.5,0.25,Ser
0.75,0.25,0,0,Ser
0.25,0,0.75,0,lle
0,0.5,0.25,0.25,Gin
0.25,0.25,0.5,0,lle
0.5,0,0.25,0.25,Stop
0,0,1,0,Lys
0,0,0.25,0.75,Gly
0,0,0.25,0.75,Gly
0,0,0.25,0.75,Gly
0,0,0.5,0.5,Glu
0,0,1,0,Lys
0,0,0.75,0.25,Arg
0,0,0.25,0.75,Gly
0,0,0,1,Gly
0.25,0.25,0,0.5,Ala
0.5,0.5,0,0,Ser
0.25,0,0.5,0.25,Met
0.25,0.25,0,0.5,Ala
0,0,0.25,0.75,Gly
0,0.5,0.25,0.25,Gin
0,0.25,0,0.75,Gly
0.25,0.25,0.5,0,lle
1,0,0,0,Phe
0.5,0.5,0,0,Leu
1,0,0,0,Phe
0.5,0.5,0,0,Leu
1,0,0,0,Phe
0.5,0.5,0,0,Leu
1,0,0,0,Phe
1,0,0,0,Phe
1,0,0,0,Phe
1,0,0,0,Phe
1,0,0,0,Phe
1,0,0,0,Phe
1,0,0,0,Phe
0,0,0.25,0.75,Glu
0.25,0,0,0.75,Val
0,0,0.25,0.75,Glu
0.75,0.25,0,0,Ser
0.5,0.25,0,0.25,Cys
0.75,0.25,0,0,Ser
0.5,0,0,0.5,Val
0,0.5,0,0.5,Ala
0,0,0.75,0.25,Lys
0.5,0,0,0.5,Val
0,0,0.25,0.75,Gly
0.25,0,0,0.75,Val
0,0.5,0.25,0.25,Gin
0,0.5,0.25,0.25,Gin
0,0,0.25,0.75,Glu
0,0,0.25,0.75,Glu
0,0,0.25,0.75,Glu
0,0,0.25,0.75,Glu
0,0,0.25,0.75,Glu
0,0,0.25,0.75,Glu
0,0,0.25,0.75,Glu
0,0,0.25,0.75,Glu
0,0,0.25,0.75,Glu
0,0,0.25,0.75,Glu
0,0,0.25,0.75,Glu
0,0,0.25,0.75,Glu
0,0,0.25,0.75,Glu
0,0,0.25,0.75,Glu
0,0,0.25,0.75,Glu
0,0,0.25,0.75,Glu
0,0,0.25,0.75,Glu
0,0,0.25,0.75,Glu
0,0,0.25,0.75,Glu
0,0,0.25,0.75,Glu
0,0,0.25,0.75,Glu
0,0,0.25,0.75,Glu
0,0,0.25,0.75,Glu
0,0,0.25,0.75,Glu
0,0,0.25,0.75,Glu
0,0,0.25,0.75,Glu
0,0,0.25,0.75,Glu
0,0,0.25,0.75,Glu
0,0,0.25,0.75,Glu
0,0,0.25,0.75,Glu
0,0,0.25,0.75,Glu
0,0,0.25,0.75,Glu
0,0,0.25,0.75,Glu
0,0,0.25,0.75,Glu
0,0,0.25,0.75,Glu
0,0,0.25,0.75,Glu
0,0,0.25,0.75,Glu
0,0,0.25,0.75,Glu
0,0,0.25,0.75,Glu
0,0,0.25,0.75,Glu
0,0,0.25,0.75,Glu
0,0,0.25,0.75,Glu
0,0,0.25,0.75,Glu
0,0,0.25,0.75,Glu
0,0,0.25,0.75,Glu
0,0,0.25,0.75,Glu
0,0,0.25,0.75,Glu
0,0,0.25,0.75,Glu
0,0,0.25,0.75,Glu
0,0,0.25,0.75,Glu
0,0,0.25,0.75,Glu
0,0,0.25,0.75,Glu
0,0,0.25,0.75,Glu
0,0,0.25,0.75,Glu
0,0,0.25,0.75,Glu
0,0,0.25,0.75,Glu
0,0,0.25,0.75,Glu
0,0,0.25,0.75,Glu
0,0,0.25,0.75,Glu
0,0,0.25,0.75,Glu
0,0,0.25,0.75,Glu
0,0,0.25,0.75,Glu
0,0,0.25,0.75,Glu
0,0,0.25,0.75,Glu
0,0,0.25,0.75,Glu
0,0,0.25,0.75,Glu
0,0,0.25,0.75,Glu
0,0,0.25,0.75,Glu
0,0,0.25,0.75,Glu
0,0,0.25,0.75,Glu
0,0,0.25,0.75,Glu
0,0,0.25,0.75,Glu
0,0,0.25,0.75,Glu
0,0,0.25,0.75,Glu
0,0,0.25,0.75,Glu
0,0,0.25,0.75,Glu
0,0,0.25,0.75,Glu
0,0,0.25,0.75,Glu
0,0,0.25,0.75,Glu
0,0,0.25,0.75,Glu
0,0,0.25,0.75,Glu
0,0,0.25,0.75,Glu
0,0,0.25,0.75,Glu
0,0,0.25,0.75,Glu
0,0,0.25,0.75,Glu
0,0,0.25,0.75,Glu
0,0,0.25,0.75,Glu
0,0,0.25,0.75,Glu
0,0,0.25,0.75,Glu
0,0,0.25,0.75,Glu
0,0,0.25,0.75,Glu
0,0,0.25,0.75,Glu
0,0,0.25,0.75,Glu
0,0,0.25,0.75,Glu
0,0,0.25,0.75,Glu
0,0,0.25,0.75,Glu
0,0,0.25,0.75,Glu
0,0,0.25,0.75,Glu
0,0,0.25,0.75,Glu
0,0,0.25,0.75,Glu
0,0,0.25,0.75,Glu
0,0,0.25,0.75,Glu
0,0,0.25,0.75,Glu
0,0,0.25,0.75,Glu
0,0,0.25,0.75,Glu
0,0,0.25,0.75,Glu
0,0,0.25,0.75,Glu
0,0,0.25,0.75,Glu
0,0,0.25,0.75,Glu
0,0,0.25,0.75,Glu
0,0,0.25,0.75,Glu
0,0,0.25,0.75,Glu
0,0,0.25,0.75,Glu
0,0,0.25,0.75,Glu
0,0,0.25,0.75,Glu
0,0,0.25,0.75,Glu
0,0,0.25,0.75,Glu
0,0,0.25,0.75,Glu
0,0,0.25,0.75,Glu
0,0,0.25,0.75,Glu
0,0,0.25,0.75,Glu
0,0,0.25,0.75,Glu
0,0,0.25,0.75,Glu
0,0,0.25,0.75,Glu
0,0,0.25,0.75,Glu
0,0,0.25,0.75,Glu
0,0,0.25,0.75,Glu
0,0,0.25,0.75,Glu
0,0,0.25,0.75,Glu
0,0,0.25,0.75,Glu
0,0,0.25,0.75,Glu
0,0,0.25,0.75,Glu
0,0,0.25,0.75,Glu
0,0,0.25,0.75,Glu
0,0,0.25,0.75,Glu
0,0,0.25,0.75,Glu
0,0,0.25,0.75,Glu
0,0,0.25,0.75,Glu
0,0,0.25,0.75,Glu
0,0,0.25,0.75,Glu
0,0,0.25,0.75,Glu
0,0,0.25,0.75,Glu
0,0,0.25,0.75,Glu
0,0,0.25,0.75,Glu
0,0,0.25,0.75,Glu
0,0,0.25,0.75,Glu
0,0,0.25,0.75,Glu
0,0,0.25,0.75,Glu
0,0,0.25,0.75,Glu
0,0,0.25,0.75,Glu
0,0,0.25,0.75,Glu
0,0,0.25,0.75,Glu
0,0,0.25,0.75,Glu
0,0,0.25,0.75,Glu
0,0,0.25,0.75,Glu
0,0,0.25,0.75,Glu
0,0,0.25,0.75,Glu
0,0,0.25,0.75,Glu
0,0,0.25,0.75,Glu
0,0,0.25,0.75,Glu
0,0,0.25,0.75,Glu
0,0,0.25,0.75,Glu
0,0,0.25,0.75,Glu
0,0,0.25,0.75,Glu
0,0,0.25,0.75,Glu
0,0,0.25,0.75,Glu
0,0,0.25,0.75,Glu
0,0,0.25,0.75,Glu
0,0,0.25,0.75,Glu
0,0,0.25,0.75,Glu
0,0,0,0,
0,0,0.25,0.75,Gly
0,0,0.25,0.75,Gly
0,0,0.25,0.75,Gly
0,0,0.25,0.75,Gly
0,0,0.25,0.75,Gly
0,0,0.25,0.75,Gly
0,0,0.25,0.75,Gly
0,0,0.25,0.75,Gly
0,0,0.25,0.75,Gly
0,0,0.25,0.75,Gly
0,0,0.25,0.75,Gly
0,0,0.25,0.75,Gly
0,0,0.25,0.75,Gly
0,0,0.25,0.75,Gly
0,0,0.25,0.75,Gly
0,0,0.25,0.75,Gly
0,0,0.25,0.75,Gly
0,0,0.25,0.75,Gly
0,0,0.25,0.75,Gly
0,0,0.25,0.75,Gly
0,0,0.25,0.75,Gly
0,0,0.25,0.75,Gly
0,0,0.25,0.75,Gly
0,0,0.25,0.75,Gly
0,0,0.25,0.75,Gly
0,0,0.25,0.75,Gly
0,0,0.25,0.75,Gly
0,0.25,0.25,0.5,Ala
0,0.5,0.25,0.25,Arg
0.75,0.25,0,0,Ser
0,0.75,0,0.25,Pro
0.25,0.75,0,0,Leu
0.25,0.25,0.5,0,Thr
0,0.25,0.25,0.5,Ala
0,0.25,0.5,0.25,Ser
0.75,0.25,0,0,Ser
0,0.5,0,0.5,Ala
0.5,0.5,0,0,Ser
0,0.5,0,0.5,Arg
0.5,0,0.5,0,lle
0,0.75,0.25,0,His
0,0.5,0,0.5,Ala
0.5,0,0.5,0,lle
0.25,0.75,0,0,Leu
0.25,0.5,0,0.25,Leu
0.25,0.75,0,0,Pro
0,0.5,0.25,0.25,Gin
0.25,0.75,0,0,Pro
0,1,0,0,Pro
0,0,0.25,0.75,Glu
0.5,0,0.25,0.25,Stop
0.25,0.5,0,0.25,Leu
0,0,0.25,0.75,Gly
0.25,0,0.75,0,lle
0,0.75,0.25,0,His
0.25,0,0,0.75,Gly
0,0.75,0,0.25,Pro
0,0.75,0.25,0,Pro
0.25,0.5,0.25,0,Leu
0,0.75,0,0.25,Arg
0,0.75,0.25,0,Pro
0.25,0.25,0,0.5,Ala
0,0.25,0.75,0,Asn
1,0,0,0,Phe
1,0,0,0,Phe
0,0.25,0.25,0.5,Ala
1,0,0,0,Phe
0.75,0,0.25,0,Leu
0.25,0,0.25,0.5,Val
0,0.5,0.25,0.25,Gin
0.25,0,0.5,0.25,Ser
0,0,0.25,0.75,Gly
1,0,0,0,Phe
0,0.75,0.25,0,His
0.25,0.5,0,0.25,Leu
0.5,0,0,0.5,Val
0,0.25,0.5,0.25,Ser
0,0.5,0.5,0,Gin
0.25,0,0.25,0.5,Asp
0.25,0,0,0.75,Gly
0.5,0.5,0,0,Leu
0.25,0,0.25,0.5,Asp
0.25,0.5,0.25,0,Leu
0.25,0.5,0,0.25,Leu
0,0.5,0.5,0,Thr
0.5,0.25,0,0.25,Ser
0.5,0,0.25,0.25,Stop
0.5,0.5,0,0,Ser
0,0.5,0,0.5,Ala
0,0.75,0,0.25,Arg
0.25,0.75,0,0,Leu
0,0.25,0,0.75,Gly
0.25,0.75,0,0,Leu
0,0.75,0.25,0,Pro
0,0,0.75,0.25,Lys
0.5,0.25,0,0.25,Cys
0.5,0,0,0.5,Trp
0.25,0,0.25,0.5,Asp
0.5,0.25,0.25,0,Tyr
0,0,0.5,0.5,Arg
0.25,0.5,0.25,0,His
0,0,0.25,0.75,Glu
0,0.75,0.25,0,Pro
0,0.75,0,0.25,Pro
0,0.75,0,0.25,Arg
0,0.75,0.25,0,Pro
0,0.5,0,0.5,Ala
0.5,0,0.25,0.25,Stop
0.5,0,0.25,0.25,Stop
0,0.25,0.5,0.25,Ser
0.25,0.25,0.5,0,lle
1,0,0,0,Phe
0,0.5,0,0.5,Arg
0.25,0.5,0,0.25,Arg
0.25,0,0.25,0.5,Asp
0.25,0,0,0.75,Val
0.75,0.25,0,0,Phe
0.5,0,0.25,0.25,Stop
0.5,0,0,0.5,Val
0,0.75,0.25,0,Pro
0,0,0.75,0.25,Lys
0.25,0.5,0,0.25,Leu
0,0,0.5,0.5,Arg
0,0,0.75,0.25,Lys
0,0,0.75,0.25,Arg
0.25,0.75,0,0,Leu
0,0,1,0,Lys
0.75,0.25,0,0,Ser
0.5,0.25,0.25,0,Ser
0,0,0.75,0.25,Arg
0.25,0.25,0,0.5,Ala
0.5,0.5,0,0,Leu
0.25,0.5,0.25,0,Leu
0.25,0.25,0.5,0,Thr
0.75,0,0,0.25,Phe
0,0,0.75,0.25,Arg
0.75,0.25,0,0,Phe
0.75,0.25,0,0,Ser
0.25,0,0.25,0.5,Asp
0.25,0,0,0.75,Gly
0.75,0.25,0,0,Phe
0,0,0.5,0.5,Arg
0.25,0.25,0,0.5,Ala
0.25,0,0.5,0.25,Met
0,0,0.25,0.75,Gly
0,0,0.25,0.75,Gly
0,0,0.75,0.25,Arg
0.25,0.25,0,0.5,Ala
0.75,0,0,0.25,Cys
0.25,0,0,0.75,Gly
0,0.75,0,0.25,Pro
0.75,0,0,0.25,Cys
0.25,0.5,0,0.25,Leu
0.25,0.75,0,0,Leu
0,0.75,0,0.25,Pro
0,0,0.25,0.75,Gly
1,0,0,0,Phe
0.25,0.5,0,0.25,Leu
1,0,0,0,Phe
0.5,0.5,0,0,Leu
0.25,0,0,0.75,Gly
0.75,0,0,0.25,Phe
0.75,0,0,0.25,Cys
0.25,0.75,0,0,Leu
0.5,0.25,0,0.25,Cys
0.5,0.25,0,0.25,Cys
0,0,0.75,0.25,Lys
0.5,0.5,0,0,Ser
0,0,0.75,0.25,Lys
0,0,0.25,0.75,Glu
0.25,0.5,0,0.25,Leu
0,0,0,1,Gly
0,0.5,0.5,0,Gin
0.5,0.25,0.25,0,Tyr
0.5,0.5,0,0,Leu
0,0,0.25,0.75,Glu
0.75,0.25,0,0,Ser
0,0,0,1,Gly
0.75,0.25,0,0,Phe
0.75,0.25,0,0,Phe
0.25,0.25,0,0.5,Val
0,1,0,0,Pro
0,0,0.5,0.5,Arg
0,0.25,0.25,0.5,Asp
0.25,0.5,0,0.25,Leu
0,0,0,1,Gly
0,0,0.25,0.75,Glu
0,1,0,0,Pro
0,0.5,0.25,0.25,Gin
0,0.5,0.5,0,Gin
0.5,0.25,0,0.25,Cys
0.5,0.25,0.25,0,Ser
0,0,0,1,Gly
0,0,1,0,Lys
0,0,0,1,Gly
0,0,0.25,0.75,Glu
0,0.25,0.5,0.25,Ser
0,0,1,0,Lys
0.25,0,0,0.75,Val
0.5,0,0,0.5,Trp
0.25,0,0,0.75,Gly
0.5,0,0,0.5,Trp
0.75,0.25,0,0,Phe
0.75,0.25,0,0,Ser
0.25,0.5,0.25,0,Leu
0.25,0,0,0.75,Val
0.25,0.25,0,0.5,Val
0.25,0,0.5,0.25,Ser
0.5,0,0,0.5,Val
0,0,0.25,0.75,Gly
0.25,0.25,0.5,0,Thr
0,0.25,0.25,0.5,Ala
0.5,0.5,0,0,Ser
0,0.25,0.5,0.25,Ser
0.5,0,0.25,0.25,Stop
0.25,0.75,0,0,Leu
0,0,0.5,0.5,Arg
0.25,0.5,0,0.25,Leu
0,0.5,0.5,0,Thr
0,0.5,0.25,0.25,Gin
0,0,0.25,0.75,Glu
0.5,0.5,0,0,Ser
0.5,0.25,0.25,0,Ser
0,0.25,0.25,0.5,Ala
0,0,0.5,0.5,Glu
0.25,0,0,0.75,Val
0,0,0.5,0.5,Glu
0.75,0.25,0,0,Phe
0,0,0.5,0.5,Arg
0.25,0.25,0.5,0,Thr
0,0,0.5,0.5,Glu
0.5,0.25,0,0.25,Ser
0.5,0.25,0,0.25,Cys
0.5,0.25,0.25,0,Ser
0,0.5,0.5,0,Gin
0,1,0,0,Pro
0,0.75,0.25,0,Pro
0,0.5,0.5,0,Gin
0.75,0.25,0,0,Ser
0.5,0,0.5,0,lle
0,0.25,0,0.75,Gly
0.75,0,0,0.25,Cys
0.25,0.25,0,0.5,Ala
0.5,0,0,0.5,Trp
0,1,0,0,Pro
0.5,0.5,0,0,Leu
0.75,0.25,0,0,Phe
0,0.75,0.25,0,Pro
0,0.25,0.75,0,Thr
0,0.75,0.25,0,His
0,0.25,0.75,0,Thr
0.75,0.25,0,0,Phe
0.75,0,0,0.25,Cys
0.25,0.5,0,0.25,Leu
0.25,0,0,0.75,Val
0.25,0,0,0.75,Gly
0,0,0.25,0.75,Gly
0.25,0,0,0.75,Gly
0.5,0,0.5,0,Stop
0,0.25,0.75,0,Thr
0.5,0.25,0,0.25,Cys
0,0,0,1,Gly
0,0,0.25,0.75,Glu
0,0,0.25,0.75,Glu
0,0,0.5,0.5,Glu
0,0,0.5,0.5,Arg
0.25,0,0.25,0.5,Asp
0,0,0.5,0.5,Arg
0.25,0,0.75,0,lle
0,0,0.25,0.75,Glu
0.25,0,0.75,0,Asn
0,0,0,1,Gly
0.25,0,0.5,0.25,Met
0.5,0,0,0.5,Trp
0.5,0.25,0,0.25,Ser
0.25,0,0.25,0.5,Val
0,0,0,1,Gly
0.25,0,0,0.75,Gly
0.25,0.75,0,0,Leu
0,0,0.75,0.25,Lys
0,0.25,0.25,0.5,Asp
0.5,0,0,0.5,Trp
0.25,0.5,0.25,0,Leu
0.5,0.5,0,0,Ser
0.5,0,0.25,0.25,Stop
0.25,0.5,0.25,0,His
0.25,0.75,0,0,Pro
0.75,0.25,0,0,Ser
0,0.75,0,0.25,Pro
0.25,0.5,0,0.25,Arg
0.5,0.25,0.25,0,Ser
0.25,0,0,0.75,Gly
0.5,0,0,0.5,Trp
0,0.75,0.25,0,Pro
0,0.75,0.25,0,Pro
0.5,0,0,0.5,Trp
0.25,0.75,0,0,Pro
0,0.25,0,0.75,Ala
0,0.5,0,0.5,Ala
0,0,0.75,0.25,Arg
0,0,0,1,Gly
0,0.75,0.25,0,His
0,0.75,0.25,0,Pro
0.25,0.5,0,0.25,Arg
0,0.25,0.25,0.5,Asp
0.25,0.75,0,0,Pro
0.5,0,0.5,0,Stop
0,0,0.75,0.25,Arg
0,0,0.25,0.75,Glu
0,0.25,0.25,0.5,Asp
0,0,0.75,0.25,Lys
0.75,0,0,0.25,Phe
0.25,0,0,0.75,Gly
0.25,0,0,0.75,Gly
0.25,0.25,0.5,0,lle
0.75,0.25,0,0,Ser
0,0.25,0,0.75,Gly
0.5,0,0.25,0.25,Stop
0,0.75,0.25,0,His
0.75,0.25,0,0,Ser
0.25,0,0,0.75,Val
0,0.75,0.25,0,His
0,0.25,0.75,0,Asn
0.25,0.75,0,0,Pro
0,0.75,0.25,0,His
0,0.25,0.75,0,Asn
0.25,0.25,0.5,0,Thr
0.25,0,0,0.75,Gly
0,0.25,0.25,0.5,Asp
0.25,0,0,0.75,Gly
0,0,0,1,Gly
0,0,0.75,0.25,Lys
0,0,0.25,0.75,Gly
0,0,0.75,0.25,Lys
0.25,0,0.5,0.25,Met
0,0.25,0.75,0,Thr
0,0.25,0.5,0.25,Ser
0,0.5,0.25,0.25,Gin
0,0,0,1,Gly
0,0.25,0.25,0.5,Ala
0.5,0,0.25,0.25,Stop
0.5,0.5,0,0,Ser
0,0.5,0.25,0.25,Gin
0.25,0.5,0.25,0,His
0.25,0,0,0.75,Val
0.5,0,0,0.5,Trp
0,0,0.25,0.75,Glu
0,0,0.25,0.75,Glu
0.5,0.5,0,0,Leu
0.25,0.5,0.25,0,Leu
0.25,0,0.75,0,Asn
0.75,0,0.25,0,Tyr
0,0.75,0.25,0,Pro
0.75,0,0.25,0,Leu
0,0.25,0.25,0.5,Ala
0,0.5,0.5,0,Gin
0,0.5,0,0.5,Ala
0.25,0.5,0,0.25,Arg
0,0.5,0.25,0.25,Gin
0.5,0,0,0.5,Trp
0,1,0,0,Pro
0.25,0.5,0.25,0,His
0,0.25,0.25,0.5,Ala
0.5,0,0.5,0,Stop
0.25,0,0.5,0.25,Met
0.5,0.25,0.25,0,Tyr
0,0.25,0.75,0,Thr
0,0,0.5,0.5,Glu
0,0.25,0.75,0,Thr
0.25,0,0,0.75,Gly
0,0,0,1,Gly
0,0.25,0,0.75,Gly
0,0.25,0.75,0,Asn
0.25,0,0.5,0.25,Ser
0,0,0,1,Gly
0,0,0.75,0.25,Arg
0,0,0.5,0.5,Glu
0,0,0,1,Gly
0,0.5,0,0.5,Ala
0,0,0.5,0.5,Arg
0.75,0,0.25,0,Tyr
0,0,1,0,Lys
0,0,0.75,0.25,Lys
0,0.25,0,0.75,Gly
0,0.75,0.25,0,Pro
0,0.5,0.5,0,Gin
0,0,0.25,0.75,Glu
0,0.5,0.5,0,Thr
0,0.25,0.5,0.25,Ser
0.5,0.25,0.25,0,Ser
0,0,0.5,0.5,Arg
0.25,0.25,0.5,0,lle
0,0.75,0.25,0,Pro
0,0,0.5,0.5,Arg
0,1,0,0,Pro
0,0.25,0.75,0,Asn
0.5,0.5,0,0,Ser
0,0.75,0,0.25,Pro
0,0.25,0.75,0,Asn
0,0.75,0.25,0,His
0.5,0.25,0.25,0,Ser
0,0,0,1,Gly
0.5,0.5,0,0,Ser
0.75,0,0,0.25,Cys
0,0,0.25,0.75,Gly
0,0.5,0.25,0.25,Gin
0.25,0.75,0,0,Leu
0,0.5,0.5,0,Thr
0.5,0,0.25,0.25,Stop
0,0.5,0,0.5,Arg
0,0.5,0.5,0,Gin
0.5,0,0,0.5,Trp
0.25,0.5,0.25,0,Leu
0,0.5,0.25,0.25,Gin
0.25,0,0.25,0.5,Val
0,0.25,0.5,0.25,Ser
0,0.5,0,0.5,Ala
0.25,0.75,0,0,Pro
0,0,1,0,Lys
0.25,0.25,0.5,0,lle
0.25,0.75,0,0,Pro
0.75,0,0,0.25,Phe
0,0.25,0,0.75,Gly
0,0.25,0.75,0,Thr
0.25,0,0.5,0.25,Met
0.75,0,0,0.25,Cys
0.25,0.75,0,0,Pro
0,0,0.25,0.75,Glu
0,0,0,1,Gly
0,0,0.75,0.25,Arg
0,0.25,0,0.75,Gly
0,0.25,0.5,0.25,Ser
0,0.25,0.25,0.5,Asp
0.25,0.5,0,0.25,Leu
0.5,0,0.25,0.25,Stop
0.25,0,0.5,0.25,Met
0,0,0.25,0.75,Gly
0,0.5,0,0.5,Arg
0,0,0,1,Gly
0,0.75,0.25,0,His
0.5,0,0.5,0,Stop
0,1,0,0,Pro
0.5,0.25,0.25,0,Ser
0.25,0,0,0.75,Gly
0.75,0,0,0.25,Phe
0,0,0,1,Gly
0.5,0.5,0,0,Leu
0.25,0.5,0,0.25,Leu
0.25,0,0.75,0,Asn
0.25,0,0,0.75,Val
0.25,0,0.5,0.25,Ser
0.25,0.25,0.5,0,lle
0,0.5,0,0.5,Ala
0.25,0,0.5,0.25,Met
0.5,0,0.5,0,Stop
0,0.5,0,0.5,Ala
0,0.5,0.25,0.25,Gin
0.75,0,0.25,0,Tyr
0.75,0,0,0.25,Phe
0,0.5,0,0.5,Ala
0.25,0,0.75,0,Asn
0.25,0.75,0,0,Leu
0,0,0.75,0.25,Arg
0,0,0.75,0.25,Lys
0.25,0.75,0,0,Leu
0.25,0.5,0,0.25,Leu
0.25,0.25,0,0.5,Val
0.25,0.75,0,0,Pro
0,0,0.25,0.75,Gly
0,0,0,1,Gly
0.25,0,0.5,0.25,Met
0,0,0.25,0.75,Glu
0,0,0.75,0.25,Arg
0,0,0.5,0.5,Glu
0,0,1,0,Lys
0,0.5,0.5,0,Gin
0,0.25,0.75,0,Thr
0.25,0.25,0,0.5,Ala
0.25,0.75,0,0,Pro
0,0,0.25,0.75,Gly
0,0.25,0.25,0.5,Ala
0,0,0,1,Gly
0,0,0.75,0.25,Arg
0.25,0,0,0.75,Val
0.25,0.5,0,0.25,Leu
0,0.5,0,0.5,Ala
0.75,0.25,0,0,Ser
0.5,0.25,0,0.25,Cys
0.75,0.25,0,0,Ser
0,0.75,0,0.25,Pro
0.25,0.25,0,0.5,Ala
0,1,0,0,Pro
0.75,0.25,0,0,Ser
0.5,0,0,0.5,Val
0,0.5,0,0.5,Ala
0.25,0.75,0,0,Leu
0.5,0,0,0.5,Trp
1,0,0,0,Phe
0.25,0.75,0,0,Leu
0,1,0,0,Pro
0,0,0.5,0.5,Arg
0.25,0.75,0,0,Leu
0,0.75,0,0.25,Pro
0,0.25,0.25,0.5,Asp
0.25,0.25,0,0.5,Val
0.25,0.75,0,0,Pro
0.25,0.25,0,0.5,Ala
0.25,0.75,0,0,Pro
0,0.25,0,0.75,Gly
1,0,0,0,Phe
0.5,0,0,0.5,Trp
0.25,0.75,0,0,Pro
0.25,0.25,0,0.5,Ala
0.25,0.5,0,0.25,Leu
0.25,0.75,0,0,Pro
0,0.5,0,0.5,Ala
0.25,0.5,0,0.25,Leu
0.25,0.25,0,0.5,Ala
0.5,0.25,0.25,0,Ser
0,0,0.75,0.25,Arg
0,0,0,1,Gly
0,0.5,0.25,0.25,Gin
0.5,0.25,0,0.25,Cys
0.5,0.5,0,0,Leu
0,1,0,0,Pro
0,0.25,0.75,0,Asn
0.25,0.5,0.25,0,His
0.5,0.5,0,0,Ser
0.5,0.5,0,0,Leu
0.25,0.25,0.5,0,lle
0,0.5,0.25,0.25,Gin
0.25,0.25,0,0.5,Ala
1,0,0,0,Phe
0.5,0,0.25,0.25,Stop
0,0.5,0.5,0,Gin
0,0.75,0,0.25,Arg
0.75,0,0.25,0,Tyr
0.25,0.25,0,0.5,Ala
0,0.75,0,0.25,Pro
0,0.75,0,0.25,Arg
0,0.75,0.25,0,Pro
0.5,0.25,0,0.25,Ser
0.75,0.25,0,0,Ser
0,0.25,0.25,0.5,Ala
0,0.75,0.25,0,Pro
0.25,0.25,0,0.5,Ala
0,0.25,0,0.75,Gly
0.5,0.5,0,0,Leu
0.5,0,0.25,0.25,Stop
0,0.75,0.25,0,His
0.25,0.5,0.25,0,Leu
0,0.75,0.25,0,Pro
0,0,0.25,0.75,Gly
0.5,0,0,0.5,Val
0.75,0,0,0.25,Cys
0,0,0.75,0.25,Lys
0.25,0.75,0,0,Leu
0.75,0,0,0.25,Phe
0,0,0,1,Gly
0.25,0,0.75,0,Asn
0,0,0,1,Gly
0.5,0.25,0,0.25,Cys
0,0.25,0.25,0.5,Ala
0.5,0.25,0.25,0,Ser
0,0,0,1,Gly
0.25,0,0,0.75,Val
0,0.25,0.25,0.5,Ala
0,0,0.25,0.75,Gly
0,0,0.5,0.5,Arg
0.25,0,0,0.75,Gly
0,0.25,0.25,0.5,Asp
1,0,0,0,Phe
0,1,0,0,Pro
0,0.75,0,0.25,Pro
0.25,0.5,0,0.25,Leu
0,0,0.25,0.75,Gly
0.25,0,0.75,0,Asn
0,0,0.75,0.25,Lys
0,0,0.5,0.5,Arg
0,0,0.5,0.5,Arg
0,0,0.75,0.25,Arg
0.25,0.5,0.25,0,Leu
0,0,0.5,0.5,Arg
0,0.25,0.5,0.25,Ser
0.5,0.25,0.25,0,Ser
0,0,0,1,Gly
1,0,0,0,Phe
0.75,0.25,0,0,Phe
0,0.75,0,0.25,Pro
0,0,0.75,0.25,Lys
0,0.5,0.25,0.25,Arg
0,0,1,0,Lys
0.5,0.25,0,0.25,Cys
0,0,0.5,0.5,Arg
0,0.5,0.25,0.25,Gin
0.25,0,0.5,0.25,Met
0,0.25,0.5,0.25,Ser
0,0.25,0.75,0,Thr
0,0.75,0,0.25,Arg
0.5,0,0.25,0.25,Stop
0.25,0,0,0.75,Val
0,0,0.5,0.5,Arg
0.75,0.25,0,0,Phe
0,0.75,0.25,0,Pro
0,0,0.5,0.5,Glu
0,0,0.75,0.25,Lys
0.5,0,0.5,0,Stop
0,0.5,0.5,0,Gin
0.5,0,0,0.5,Trp
0,0,0.25,0.75,Glu
0.25,0.5,0,0.25,Leu
0.25,0.25,0,0.5,Val
0.5,0.5,0,0,Ser
0,0.25,0.5,0.25,Ser
0.25,0,0.25,0.5,Val
0,0.25,0.25,0.5,Asp
0.5,0.5,0,0,Leu
0.25,0,0,0.75,Gly
0,0,0,1,Gly
0,0.5,0,0.5,Arg
0.5,0.5,0,0,Ser
0.75,0.25,0,0,Phe
0.5,0.5,0,0,Ser
0.5,0,0.25,0.25,Stop
0,0,0.5,0.5,Glu
0,0,0.5,0.5,Glu
0,0.5,0,0.5,Ala
0.75,0,0.25,0,Tyr
0.25,0.25,0.5,0,lle
0,0.75,0.25,0,Pro
0,0,0.75,0.25,Lys
0,0,0.5,0.5,Glu
0,0.5,0.25,0.25,Gin
0,0,0.75,0.25,Lys
0.75,0,0.25,0,Tyr
0.5,0.25,0.25,0,Ser
0.75,0.25,0,0,Phe
0.25,0.5,0,0.25,Leu
0,0.5,0.25,0.25,Gin
0,0.25,0.75,0,Asn
0,1,0,0,Pro
0,0.5,0.25,0.25,Gin
0,0.5,0.5,0,Thr
0.5,0.5,0,0,Ser
0.25,0.75,0,0,Leu
0.75,0,0,0.25,Cys
0.75,0.25,0,0,Phe
0.5,0.25,0.25,0,Ser
0,0,0.25,0.75,Glu
0.75,0.25,0,0,Ser
0.5,0,0.5,0,lle
0,0.75,0,0.25,Pro
0,0.25,0.75,0,Thr
0,1,0,0,Pro
0.5,0.5,0,0,Ser
0,0.25,0.75,0,Asn
0,0,0.5,0.5,Arg
0,0,0.25,0.75,Glu
0,0,0.5,0.5,Glu
0,0.25,0.75,0,Thr
0,0.5,0.5,0,Gin
0,0.5,0.25,0.25,Gin
0,0,1,0,Lys
0.5,0.5,0,0,Ser
0.25,0,0,0.75,Val
0.25,0,0.5,0.25,Ser
0,0,0.25,0.75,Gly
0.5,0.25,0,0.25,Cys
0.5,0.5,0,0,Leu
0.25,0.75,0,0,Leu
0,1,0,0,Pro
0,0,0.5,0.5,Arg
0,0.5,0,0.5,Arg
0,0,0.25,0.75,Gly
0.5,0,0,0.5,Trp
0,0,0,1,Gly
0,0,0.75,0.25,Arg
0.25,0.75,0,0,Pro
0.25,0,0.25,0.5,Val
0.25,0.25,0,0.5,Val
0,0,0.75,0.25,Arg
0,0.5,0,0.5,Ala
0,1,0,0,Pro
0,0,0,1,Gly
0,0.5,0.25,0.25,Gin
0,0.75,0.25,0,His
0,0.25,0.5,0.25,Ser
0,0.5,0.5,0,Gin
0.5,0.25,0,0.25,Cys
0,0.75,0,0.25,Pro
0.5,0.5,0,0,Ser
0.75,0.25,0,0,Phe
0,1,0,0,Pro
0.5,0.25,0,0.25,Cys
0,0,0.75,0.25,Arg
0,0.5,0.5,0,Thr
0.5,0,0.25,0.25,Stop
0,0.25,0.5,0.25,Ser
0.5,0.25,0,0.25,Cys
0.5,0.5,0,0,Ser
0,0.25,0.25,0.5,Ala
0.75,0.25,0,0,Ser
0,1,0,0,Pro
0.5,0.25,0,0.25,Cys
0.5,0.25,0,0.25,Cys
0.5,0.25,0.25,0,Ser
0.5,0.5,0,0,Ser
0.25,0,0.5,0.25,Ser
0.25,0.5,0,0.25,Arg
0,0.25,0,0.75,Gly
0.5,0,0,0.5,Trp
0,0.25,0.5,0.25,Ser
0,0.75,0,0.25,Pro
0.5,0.25,0,0.25,Cys
0.25,0,0.5,0.25,Ser
0.5,0.5,0,0,Ser
0.5,0.25,0.25,0,Ser
0,0,0.25,0.75,Gly
0.25,0,0,0.75,Val
0.75,0.25,0,0,Ser
0.5,0.25,0,0.25,Ser
0,0.75,0.25,0,Pro
0,0.25,0.75,0,Thr
0,0.5,0,0.5,Ala
0.5,0,0,0.5,Trp
0.75,0,0,0.25,Cys
0,0.25,0.5,0.25,Thr
0,0.25,0,0.75,Ala
0.25,0.75,0,0,Pro
0.25,0.5,0,0.25,Leu
0,0.25,0.75,0,Thr
0,0.25,0.25,0.5,Ala
0,0.25,0.5,0.25,Thr
0.75,0.25,0,0,Ser
0.25,0,0.5,0.25,Met
0,0.5,0.5,0,Thr
0.5,0.5,0,0,Ser
0.5,0,0.5,0,Stop
0,0,0.5,0.5,Arg
0,0.5,0.5,0,Thr
0.5,0,0.25,0.25,Stop
0,0,0.5,0.5,Arg
0,0,0.75,0.25,Lys
0,0.25,0.25,0.5,Ala
0.5,0.5,0,0,Ser
0,0,1,0,Lys
0,0.75,0,0.25,Arg
0.5,0,0.25,0.25,Stop
0.5,0,0,0.5,Trp
0,0,0,1,Gly
0.5,0,0.25,0.25,Stop
0,0,0,1,Gly
0.5,0,0,0.5,Trp
0,0.75,0,0.25,Arg
0,0.5,0.25,0.25,Gin
0,0,0,1,Gly
0.5,0.5,0,0,Ser
0,0.75,0.25,0,Pro
0.25,0.25,0.5,0,lle
0.25,0.5,0,0.25,Leu
0,0,0.25,0.75,Glu
0,1,0,0,Pro
0,0.75,0.25,0,His
0.5,0,0.25,0.25,Stop
0.5,0.5,0,0,Leu
0.5,0,0.25,0.25,Stop
0,0,0.25,0.75,Glu
0.25,0.5,0,0.25,Leu
0.75,0,0,0.25,Cys
0.5,0,0.25,0.25,Stop
0,0,0.75,0.25,Arg
0,0.25,0.75,0,Asn
0.25,0.25,0.5,0,Thr
0.25,0.25,0,0.5,Ala
0,0.5,0,0.5,Ala
0.25,0.75,0,0,Leu
1,0,0,0,Phe
0.75,0,0.25,0,Leu
0,0.25,0.25,0.5,Ala
0.25,0.25,0,0.5,Val
0,0,0.5,0.5,Arg
0,1,0,0,Pro
0.5,0,0.25,0.25,Stop
0,1,0,0,Pro
0,0,0.75,0.25,Lys
0,0,0.75,0.25,Arg
0.25,0.25,0.5,0,Thr
0,0.75,0.25,0,His
0.5,0.5,0,0,Leu
0.5,0,0.5,0,lle
0.5,0.5,0,0,Leu
0.25,0.5,0.25,0,His
0.75,0.25,0,0,Phe
0,1,0,0,Pro
0.5,0.25,0,0.25,Ser
0.5,0,0.25,0.25,Stop
0.25,0.25,0.5,0,lle
0.25,0.75,0,0,Leu
0,0.5,0.25,0.25,Gin
0,0.5,0,0.5,Ala
1,0,0,0,Phe
0.25,0.75,0,0,Leu
0.5,0.25,0.25,0,Tyr
0,0.5,0.5,0,Thr
0.25,0.5,0,0.25,Leu
0,0,0.75,0.25,Lys
0,0,0,1,Gly
0,0,0.5,0.5,Arg
0,0,0.25,0.75,Glu
0,0,0.5,0.5,Glu
0.25,0,0.75,0,Asn
0,0,0.5,0.5,Glu
0.5,0,0.25,0.25,Stop
0.25,0,0.5,0.25,Met
0,0,0.75,0.25,Arg
0,0,0.75,0.25,Lys
0,0,0.25,0.75,Gly
0,0,0,1,Gly
0,0.25,0.75,0,Asn
0.25,0,0.5,0.25,Ser
0,0.5,0.5,0,Thr
0,0.5,0.5,0,Gin
0,0.25,0,0.75,Ala
0.5,0.5,0,0,Leu
0,0.25,0,0.75,Gly
0.25,0.75,0,0,Leu
0.5,0.5,0,0,Ser
0.75,0.25,0,0,Phe
0.75,0.25,0,0,Ser
0.5,0.5,0,0,Ser
0.75,0.25,0,0,Phe
0.25,0.25,0.5,0,Thr
0.75,0,0,0.25,Phe
0,0.5,0.25,0.25,Gin
0,0,0.5,0.5,Arg
0.25,0.5,0,0.25,Leu
0,0,0.5,0.5,Glu
0.25,0,0.25,0.5,Asp
0,0.25,0,0.75,Gly
0,0.25,0.5,0.25,Ser
0,1,0,0,Pro
0,0.5,0,0.5,Arg
0.25,0.25,0.5,0,Thr
0,0,0,1,Gly
0,0.5,0.25,0.25,Gin
0.25,0.25,0.5,0,lle
0.75,0.25,0,0,Phe
0,0,0.75,0.25,Lys
0,0.5,0.25,0.25,Gin
0,0.5,0.5,0,Thr
0.5,0.25,0.25,0,Tyr
0,0.25,0.5,0.25,Ser
0,0,0.75,0.25,Lys
0.75,0.25,0,0,Phe
0,0.25,0.25,0.5,Asp
0,0.25,0.75,0,Thr
0,0.25,0.75,0,Asn
0.5,0.25,0.25,0,Ser
0,0.75,0.25,0,His
0,0.25,0.75,0,Asn
0.25,0,0.25,0.5,Asp
0,0.25,0.25,0.5,Asp
0,0.25,0.25,0.5,Ala
0.25,0.5,0.25,0,Leu
0.25,0.75,0,0,Leu
0,0,0.75,0.25,Lys
0,0.25,0.75,0,Asn
0.5,0.25,0.25,0,Tyr
0,0,0,1,Gly
0.25,0.5,0,0.25,Leu
0.25,0.75,0,0,Leu
0.5,0.25,0.25,0,Tyr
0.5,0.25,0,0.25,Cys
0.75,0.25,0,0,Phe
0,0,0.5,0.5,Arg
0,0,0.75,0.25,Lys
0,0.25,0.25,0.5,Asp
0.25,0,0.5,0.25,Met
0,0.25,0.25,0.5,Asp
0,0,0.75,0.25,Lys
0.25,0.25,0,0.5,Val
0,0,0.25,0.75,Glu
0,0.25,0.75,0,Thr
0.75,0.25,0,0,Phe
0.25,0.5,0,0.25,Leu
0,0.75,0,0.25,Arg
0.25,0.25,0.5,0,lle
0.25,0,0,0.75,Val
0,0.5,0.25,0.25,Gin
0.5,0.25,0,0.25,Cys
0,0.75,0,0.25,Arg
0.75,0.25,0,0,Ser
0.25,0,0,0.75,Val
0,0,0.25,0.75,Glu
0,0.25,0,0.75,Gly
0,0.25,0.5,0.25,Ser
0.75,0,0,0.25,Cys
0,0.25,0,0.75,Gly
0.75,0.25,0,0,Phe
0.5,0,0.25,0.25,Stop
0.25,0.5,0,0.25,Leu
0,1,0,0,Pro
0,0,0,1,Gly
0.5,0,0,0.5,Trp
0.25,0.5,0.25,0,His
0,1,0,0,Pro
0.75,0,0,0.25,Cys
0,0.25,0.25,0.5,Asp
0,1,0,0,Pro
0.5,0.5,0,0,Ser
0,0.75,0.25,0,Pro
0.25,0,0,0.75,Val
0.25,0.75,0,0,Pro
0.25,0.75,0,0,Leu
0.25,0.5,0,0.25,Leu
0,0.5,0,0.5,Ala
0.25,0.5,0,0.25,Leu
0,0,0.5,0.5,Glu
0.5,0,0,0.5,Val
0,0.5,0,0.5,Ala
0.25,0.25,0.5,0,Thr
0,0.75,0.25,0,Pro
0.25,0,0,0.75,Val
0,1,0,0,Pro
0,0.5,0.5,0,Thr
0,0.25,0.5,0.25,Ser
0.5,0.5,0,0,Leu
0.25,0.25,0,0.5,Val
0.25,0.5,0.25,0,Leu
0.25,0,0.75,0,lle
0,0,1,0,Lys
0.75,0,0.25,0,Leu
0.25,0,0.5,0.25,Ser
0.5,0.25,0,0.25,Cys
0.25,0.25,0.5,0,lle
0.5,0,0.5,0,lle
0.75,0,0,0.25,Phe
0.75,0.25,0,0,Ser
0,0.25,0.25,0.5,Asp
0.5,0,0.25,0.25,Stop
0.25,0,0,0.75,Val
0.5,0.5,0,0,Ser
0.75,0.25,0,0,Phe
0.75,0,0.25,0,Tyr
0.25,0,0.75,0,Asn
0.5,0,0.5,0,lle
0.25,0,0.5,0.25,Met
0,0,0,1,Gly
0.5,0,0,0.5,Trp
0,0,0.5,0.5,Arg
0,0,0,1,Gly
0.25,0,0,0.75,Val
0.25,0,0.25,0.5,Val
0.5,0,0,0.5,Trp
0,0.25,0.5,0.25,Ser
0,0,0.75,0.25,Lys
0,0,0,1,Gly
0,0.5,0.5,0,Gin
0.5,0,0,0.5,Val
0,0,0,1,Gly
0,0,0.75,0.25,Lys
0,0.25,0.75,0,Thr
0,0.5,0.5,0,Thr
0.75,0,0,0.25,Cys
0,0,0.5,0.5,Arg
0,0.5,0,0.5,Ala
0.5,0.25,0,0.25,Cys
0,0,0,1,Gly
0.25,0.25,0,0.5,Val
0.75,0,0.25,0,Tyr
0.5,0.25,0,0.25,Ser
0,0,0.25,0.75,Gly
0,0.5,0.5,0,Thr
0,0,0.75,0.25,Lys
0.25,0.5,0,0.25,Leu
0,0,0.25,0.75,Glu
0.5,0.25,0,0.25,Cys
0.25,0,0.5,0.25,Ser
0,0.25,0,0.75,Gly
0,0.25,0.75,0,Thr
0.25,0.25,0.5,0,lle
0.75,0,0,0.25,Phe
0.25,0.25,0,0.5,Ala
0,0.75,0.25,0,His
0.5,0.25,0,0.25,Cys
0.25,0,0.75,0,Asn
0.25,0.75,0,0,Leu
0,0.75,0,0.25,Arg
0.25,0.75,0,0,Leu
0.25,0.5,0,0.25,Leu
0.25,0,0,0.75,Gly
0.5,0.25,0.25,0,Ser
0,0.25,0.5,0.25,Ser
0.25,0,0.25,0.5,Asp
0.75,0.25,0,0,Ser
0.25,0.75,0,0,Pro
0,0.5,0,0.5,Ala
0.5,0.25,0.25,0,Ser
0,0.5,0,0.5,Ala
0.5,0.5,0,0,Ser
0,0.5,0.25,0.25,Arg
0.5,0,0,0.5,Val
0.5,0,0,0.5,Val
0,0,0,1,Gly
0.5,0,0.5,0,lle
0,0.75,0.25,0,Pro
0,0.25,0,0.75,Gly
0.25,0,0.5,0.25,Met
0.25,0.5,0.25,0,His
0,0.25,0.25,0.5,Asp
0,0.5,0.25,0.25,Gin
0.25,0.25,0,0.5,Ala
0,0.5,0.25,0.25,Gin
0.25,0.5,0.25,0,Leu
0.5,0,0.5,0,lle
1,0,0,0,Phe
0.5,0,0,0.5,Val
1,0,0,0,Phe
0.75,0,0,0.25,Phe
0.25,0,0.25,0.5,Val
0,0,0.25,0.75,Glu
0,0.25,0.5,0.25,Thr
0,0,0,1,Gly
1,0,0,0,Phe
0,0.75,0.25,0,His
0.25,0.5,0.25,0,His
0.5,0,0.5,0,lle
0,0.25,0,0.75,Gly
0,0.5,0.25,0.25,Gin
0.25,0.25,0,0.5,Ala
0.25,0,0,0.75,Gly
0.25,0.75,0,0,Leu
0,0.5,0.5,0,Gin
0.25,0.75,0,0,Leu
0.25,0.5,0.25,0,Leu
0.25,0.25,0.5,0,lle
0.5,0.25,0.25,0,Ser
0.25,0,0,0.75,Gly
0.25,0,0.25,0.5,Asp
0.25,0.5,0.25,0,Leu
0,1,0,0,Pro
0,0.5,0.5,0,Thr
0.75,0,0,0.25,Phe
0,0.5,0,0.5,Ala
0.5,0.5,0,0,Ser
0,0.5,0.5,0,Gin
0.5,0,0.5,0,lle
0.25,0.25,0,0.5,Ala
0,0,0,1,Gly
0.5,0,0.5,0,lle
0,0.25,0.75,0,Thr
0,0.25,0,0.75,Gly
0.25,0,0,0.75,Val
0,0.25,0.75,0,Asn
0,0.75,0.25,0,His
0.5,0.25,0,0.25,Cys
0.5,0.5,0,0,Ser
0.5,0.5,0,0,Leu
0,1,0,0,Pro
0.75,0,0,0.25,Cys
0.25,0.75,0,0,Pro
0.75,0.25,0,0,Ser
0.25,0,0.25,0.5,Asp
1,0,0,0,Phe
0,0,1,0,Lys
0.25,0,0.75,0,lle
0.25,0.25,0.5,0,Thr
0.25,0,0.75,0,lle
0,0.75,0.25,0,Pro
0,0.25,0.25,0.5,Ala
0,0,0.25,0.75,Gly
0,0,0.25,0.75,Gly
0.25,0.5,0,0.25,Arg
0,0.75,0.25,0,Pro
0,0.25,0.25,0.5,Asp
0,0.25,0.75,0,Thr
0,0.25,0.25,0.5,Ala
0.5,0,0.25,0.25,Stop
0.25,0.25,0,0.5,Ala
0,0.5,0.5,0,Thr
0.5,0.25,0,0.25,Cys
0.25,0.5,0.25,0,His
0,0.5,0,0.5,Ala
0,0.5,0.5,0,Gin
0,0.75,0,0.25,Pro
0.25,0,0,0.75,Val
0,0,0.25,0.75,Gly
0.25,0.5,0.25,0,His
0.75,0,0,0.25,Phe
0.25,0,0.5,0.25,Ser
0.5,0.25,0,0.25,Cys
0.75,0,0,0.25,Phe
0.5,0.5,0,0,Leu
0,0.25,0,0.75,Gly
0.25,0.25,0.5,0,Thr
0.25,0.25,0,0.5,Val
0.25,0.75,0,0,Leu
0.5,0.25,0.25,0,Ser
0.5,0.25,0,0.25,Cys
0.5,0,0,0.5,Val
0,0,0,1,Gly
0.5,0.5,0,0,Ser
0.25,0.25,0.5,0,Thr
0,0.5,0.25,0.25,Gin
0.5,0,0.25,0.25,Stop
0.25,0,0.5,0.25,Met
0.25,0.75,0,0,Pro
0.5,0,0,0.5,Val
0,0,0.5,0.5,Glu
0.75,0.25,0,0,Phe
0.25,0.5,0,0.25,Leu
0,0.25,0,0.75,Gly
0.25,0.5,0.25,0,Leu
0,0,0,1,Gly
0.25,0.5,0,0.25,Leu
0.5,0.25,0,0.25,Cys
0,0.5,0.25,0.25,Gin
0.25,0.5,0,0.25,Leu
0.25,0.75,0,0,Pro
0.25,0.5,0,0.25,Arg
0,1,0,0,Pro
0.25,0.25,0,0.5,Val
0,0.5,0.5,0,Thr
0.75,0.25,0,0,Phe
0.5,0,0,0.5,Trp
0.5,0.5,0,0,Leu
0.5,0.5,0,0,Leu
0.25,0.75,0,0,Leu
0.5,0.5,0,0,Ser
0.25,0.75,0,0,Leu
0.25,0.5,0.25,0,His
0.25,0.25,0.5,0,lle
0.75,0,0.25,0,Leu
0.25,0.25,0,0.5,Ala
0.5,0,0,0.5,Val
0.75,0.25,0,0,Phe
0.25,0.75,0,0,Leu
0.25,0,0.5,0.25,Met
0,0,0.75,0.25,Arg
0.25,0,0.5,0.25,Met
0.75,0.25,0,0,Phe
0,0.5,0.5,0,Gin
0.5,0,0.5,0,lle
0,0.5,0.25,0.25,Arg
0.25,0,0.75,0,Asn
0.75,0.25,0,0,Phe
0.75,0,0.25,0,Tyr
0.75,0,0.25,0,Leu
0,0.5,0.5,0,Thr
0.5,0,0.5,0,lle
0.25,0,0.75,0,lle
0.75,0,0.25,0,Tyr
0.75,0,0.25,0,Leu
0.5,0.5,0,0,Leu
0.5,0,0,0.5,Val
0.5,0.25,0,0.25,Cys
0.75,0,0.25,0,Tyr
0.75,0,0.25,0,Tyr
0.25,0.75,0,0,Leu
0.5,0.25,0,0.25,Cys
0,1,0,0,Pro
0,0.5,0.25,0.25,Gin
0.5,0,0.25,0.25,Stop
0.5,0,0.5,0,lle
0.5,0,0,0.5,Val
0,0.25,0.5,0.25,Ser
0.5,0.5,0,0,Ser
0,0,0.75,0.25,Arg
0,0,0.75,0.25,Arg
0,0,0.5,0.5,Glu
0,0,0.5,0.5,Arg
0.25,0.25,0.5,0,lle
0.25,0,0.5,0.25,Met
0.75,0.25,0,0,Ser
1,0,0,0,Phe
0.25,0.25,0,0.5,Ala
0.75,0,0.25,0,Tyr
0.25,0.5,0.25,0,Leu
0.25,0,0.25,0.5,Asp
0.25,0,0.5,0.25,Met
0,1,0,0,Pro
0.25,0.25,0.5,0,lle
0.5,0.25,0,0.25,Cys
0.25,0.5,0,0.25,Leu
0.25,0,0.25,0.5,Val
0,0.5,0.5,0,Gin
0.75,0.25,0,0,Ser
0.25,0.5,0,0.25,Leu
0,0.25,0.25,0.5,Ala
0.25,0.5,0.25,0,His
0.5,0,0,0.5,Val
0,0.25,0.75,0,Thr
0,0.25,0,0.75,Gly
0,0.25,0.75,0,Asn
0,0.25,0.75,0,Asn
0.5,0.25,0.25,0,Tyr
0.75,0,0,0.25,Phe
0.5,0,0,0.5,Trp
0.25,0,0.75,0,Asn
0.5,0,0,0.5,Trp
0.5,0,0.25,0.25,Stop
0.25,0,0.5,0.25,Met
0.25,0.5,0.25,0,His
0,0,0.5,0.5,Glu
0.5,0,0.25,0.25,Stop
0,0,0.75,0.25,Lys
0.25,0,0.75,0,Asn
0,0,0.25,0.75,Glu
0.5,0,0.25,0.25,Stop
0.25,0,0.5,0.25,Met
0.25,0,0.75,0,Asn
0,0,0.5,0.5,Glu
0.5,0,0.25,0.25,Stop
0,0.25,0.75,0,Thr
0,0,1,0,Lys
0,0.25,0,0.75,Gly
0,0,0.75,0.25,Arg
0.25,0,0.75,0,Asn
0,0.75,0.25,0,Pro
0,0.5,0,0.5,Ala
0.5,0.25,0.25,0,Ser
0,0,0.75,0.25,Lys
0,0.25,0.75,0,Asn
0.75,0,0.25,0,Leu
0,0.5,0.25,0.25,Gin
0.75,0.25,0,0,Ser
0.25,0,0,0.75,Gly
0,0,0.75,0.25,Lys
0,0,0.5,0.5,Arg
0.25,0,0.75,0,Asn
0,0,1,0,Lys
0.25,0,0.5,0.25,Met
0.75,0.25,0,0,Ser
0,0.25,0.25,0.5,Ala
0.25,0,0.75,0,Asn
0,0.25,0.5,0.25,Ser
0,0.75,0.25,0,His
0,0,0.5,0.5,Arg
0,0.25,0.75,0,Thr
0.25,0,0,0.75,Gly
0,0.5,0.5,0,Gin
0,0,0.5,0.5,Arg
0,0,0.75,0.25,Lys
0,0,0.25,0.75,Glu
0,0,0,1,Gly
0.25,0.5,0.25,0,Leu
1,0,0,0,Phe
0,0.75,0.25,0,Pro
0.25,0.25,0,0.5,Ala
0,0,0.25,0.75,Glu
0,0.25,0,0.75,Gly
0,0.5,0.5,0,Thr
0,0.75,0.25,0,Pro
0.5,0.25,0.25,0,Ser
0,0,0.25,0.75,Gly
0,0,0.75,0.25,Lys
0,0.75,0.25,0,His
0,1,0,0,Pro
0,0,0.75,0.25,Arg
0.5,0.5,0,0,Leu
